0 0.3544921875 0.388671875 0.04931640625 0.028645833333333332
0 0.71484375 0.3893229166666667 0.0478515625 0.02734375
4 0.2958984375 0.390625 0.07421875 0.036458333333333336
5 0.7138671875 0.3919270833333333 0.0732421875 0.033854166666666664
0 0.2802734375 0.4205729166666667 0.04931640625 0.029947916666666668
0 0.65380859375 0.421875 0.04638671875 0.029296875
0 0.46728515625 0.4518229166666667 0.0517578125 0.031901041666666664
0 0.3447265625 0.4524739583333333 0.052734375 0.031901041666666664
0 0.73046875 0.453125 0.052734375 0.031901041666666664
0 0.53125 0.4876302083333333 0.052734375 0.032552083333333336
0 0.66357421875 0.490234375 0.05419921875 0.033203125
0 0.6796875 0.5690104166666666 0.0576171875 0.038411458333333336
0 0.302734375 0.6145833333333334 0.06005859375 0.041015625
0 0.212890625 0.6673177083333334 0.0625 0.044921875
2 0.2138671875 0.669921875 0.10546875 0.05859375
3 0.7744140625 0.6731770833333334 0.1015625 0.059244791666666664