0 0.69580078125 0.43359375 0.04638671875 0.024088541666666668
0 0.337890625 0.4361979166666667 0.0458984375 0.02734375
5 0.6943359375 0.4361979166666667 0.0771484375 0.032552083333333336
4 0.27880859375 0.439453125 0.0771484375 0.03125
0 0.63623046875 0.4622395833333333 0.05078125 0.026041666666666668
0 0.26318359375 0.4654947916666667 0.0498046875 0.028645833333333332
0 0.7158203125 0.4908854166666667 0.05078125 0.027994791666666668
0 0.45068359375 0.4921875 0.04931640625 0.029947916666666668
0 0.32763671875 0.4947916666666667 0.05322265625 0.029947916666666668
0 0.650390625 0.5247395833333334 0.05322265625 0.030598958333333332
0 0.51708984375 0.5260416666666666 0.052734375 0.031901041666666664
0 0.669921875 0.599609375 0.05859375 0.036458333333333336
0 0.28173828125 0.650390625 0.0625 0.04296875
3 0.77783203125 0.701171875 0.111328125 0.059895833333333336
0 0.1865234375 0.703125 0.068359375 0.047526041666666664
2 0.18603515625 0.7063802083333334 0.1142578125 0.059895833333333336