6 0.36474609375 0.2799479166666667 0.04931640625 0.029296875
5 0.76416015625 0.2825520833333333 0.0859375 0.037760416666666664
4 0.30029296875 0.287109375 0.08447265625 0.0390625
6 0.28564453125 0.3098958333333333 0.05322265625 0.03125
6 0.42041015625 0.3170572916666667 0.05224609375 0.032552083333333336
6 0.35107421875 0.3502604166666667 0.05322265625 0.032552083333333336
6 0.27490234375 0.3841145833333333 0.05712890625 0.033854166666666664
6 0.40966796875 0.3893229166666667 0.05615234375 0.036458333333333336
6 0.33740234375 0.4244791666666667 0.06005859375 0.037760416666666664
6 0.234375 0.46484375 0.06494140625 0.04296875
6 0.39990234375 0.474609375 0.06494140625 0.0390625
6 0.31103515625 0.5208333333333334 0.06494140625 0.044921875
6 0.20458984375 0.58203125 0.07275390625 0.05078125
2 0.20849609375 0.5833333333333334 0.125 0.068359375
6 0.38916015625 0.5846354166666666 0.06787109375 0.049479166666666664
3 0.84521484375 0.5859375 0.11962890625 0.072265625