1 0.740234375 0.2942708333333333 0.05078125 0.03515625
1 0.466796875 0.296875 0.05078125 0.037109375
5 0.74072265625 0.3040364583333333 0.08349609375 0.033854166666666664
4 0.27197265625 0.3059895833333333 0.08349609375 0.033203125
1 0.25537109375 0.3255208333333333 0.0546875 0.037760416666666664
1 0.53955078125 0.3268229166666667 0.05078125 0.037760416666666664
1 0.763671875 0.359375 0.05615234375 0.0390625
1 0.31884765625 0.3606770833333333 0.0546875 0.041666666666666664
7 0.37548828125 0.4811197916666667 0.06640625 0.048177083333333336
7 0.544921875 0.4817708333333333 0.06396484375 0.049479166666666664
7 0.716796875 0.482421875 0.06640625 0.046875
7 0.27294921875 0.5286458333333334 0.07421875 0.05078125
7 0.73681640625 0.5865885416666666 0.078125 0.059895833333333336
7 0.15966796875 0.5891927083333334 0.08203125 0.057291666666666664
2 0.166015625 0.5950520833333334 0.12890625 0.06770833333333333
3 0.84033203125 0.5950520833333334 0.12353515625 0.06770833333333333