6 0.4736328125 0.390625 0.0478515625 0.02734375
4 0.29736328125 0.3912760416666667 0.0771484375 0.03515625
6 0.7041015625 0.400390625 0.05078125 0.029947916666666668
5 0.69873046875 0.40234375 0.0771484375 0.036458333333333336
6 0.345703125 0.4446614583333333 0.0537109375 0.029947916666666668
6 0.4697265625 0.4466145833333333 0.0556640625 0.032552083333333336
6 0.58740234375 0.4537760416666667 0.052734375 0.03125
6 0.71337890625 0.4576822916666667 0.0546875 0.03125
6 0.26513671875 0.46875 0.0615234375 0.033854166666666664
6 0.3935546875 0.47265625 0.052734375 0.033854166666666664
6 0.3173828125 0.5071614583333334 0.0595703125 0.036458333333333336
6 0.6005859375 0.5162760416666666 0.0556640625 0.036458333333333336
0 0.73681640625 0.5221354166666666 0.0654296875 0.040364583333333336
0 0.53564453125 0.55078125 0.064453125 0.041666666666666664
0 0.67529296875 0.552734375 0.0654296875 0.044270833333333336
0 0.3056640625 0.5807291666666666 0.0693359375 0.04296875
0 0.4619140625 0.5852864583333334 0.068359375 0.045572916666666664
0 0.7705078125 0.6015625 0.0712890625 0.049479166666666664
0 0.21240234375 0.6204427083333334 0.072265625 0.048177083333333336
2 0.2080078125 0.626953125 0.115234375 0.061197916666666664
0 0.37744140625 0.626953125 0.0712890625 0.048177083333333336
0 0.7021484375 0.6438802083333334 0.0673828125 0.052083333333333336
3 0.7734375 0.6458333333333334 0.10546875 0.0625