4 0.22705078125 0.3756510416666667 0.0830078125 0.040364583333333336
7 0.67138671875 0.3828125 0.0576171875 0.041666666666666664
5 0.66748046875 0.3880208333333333 0.0849609375 0.044270833333333336
1 0.22021484375 0.396484375 0.05859375 0.044270833333333336
1 0.4326171875 0.4401041666666667 0.064453125 0.045572916666666664
7 0.5068359375 0.4759114583333333 0.0634765625 0.049479166666666664
7 0.583984375 0.513671875 0.0634765625 0.046875
1 0.5263671875 0.5559895833333334 0.0673828125 0.052083333333333336
1 0.681640625 0.5572916666666666 0.0673828125 0.0546875
7 0.3740234375 0.55859375 0.0732421875 0.055989583333333336
1 0.6201171875 0.6048177083333334 0.0693359375 0.05859375
3 0.806640625 0.66015625 0.1171875 0.0703125
7 0.18994140625 0.6640625 0.0810546875 0.06510416666666667
2 0.19482421875 0.671875 0.11328125 0.07942708333333333