5 0.69775390625 0.24544270833333334 0.08837890625 0.037760416666666664
6 0.57177734375 0.24674479166666666 0.05224609375 0.028645833333333332
6 0.42919921875 0.24934895833333334 0.05078125 0.028645833333333332
4 0.23583984375 0.2649739583333333 0.0859375 0.040364583333333336
6 0.49462890625 0.2819010416666667 0.05224609375 0.029947916666666668
6 0.57666015625 0.3098958333333333 0.0546875 0.032552083333333336
6 0.43603515625 0.3190104166666667 0.05712890625 0.033854166666666664
6 0.51904296875 0.3470052083333333 0.05859375 0.036458333333333336
6 0.58935546875 0.37890625 0.05859375 0.037109375
6 0.43798828125 0.388671875 0.05859375 0.0390625
6 0.51220703125 0.4283854166666667 0.06396484375 0.0390625
6 0.61328125 0.4661458333333333 0.06787109375 0.04296875
6 0.44091796875 0.478515625 0.06640625 0.041015625
3 0.80126953125 0.5143229166666666 0.11572265625 0.06510416666666667
6 0.53271484375 0.525390625 0.07275390625 0.048828125
2 0.1640625 0.5455729166666666 0.11962890625 0.06901041666666667