0 0.70556640625 0.3489583333333333 0.046875 0.02734375
0 0.45751953125 0.349609375 0.04833984375 0.02734375
0 0.33544921875 0.3502604166666667 0.04833984375 0.029296875
0 0.58203125 0.3515625 0.04443359375 0.02734375
5 0.70751953125 0.3528645833333333 0.07958984375 0.032552083333333336
4 0.27490234375 0.3541666666666667 0.08056640625 0.033854166666666664
0 0.26123046875 0.3795572916666667 0.05078125 0.028645833333333332
0 0.5234375 0.3795572916666667 0.046875 0.029947916666666668
0 0.646484375 0.3802083333333333 0.04833984375 0.028645833333333332
0 0.39453125 0.3815104166666667 0.04931640625 0.029296875
0 0.455078125 0.4114583333333333 0.05078125 0.03125
0 0.72705078125 0.412109375 0.05078125 0.03125
0 0.32275390625 0.4127604166666667 0.05224609375 0.03125
0 0.59130859375 0.4127604166666667 0.04931640625 0.029296875
6 0.380859375 0.5286458333333334 0.05859375 0.037109375
6 0.68310546875 0.5286458333333334 0.05859375 0.0390625
6 0.53515625 0.5299479166666666 0.05712890625 0.037760416666666664
6 0.22216796875 0.5305989583333334 0.06103515625 0.037760416666666664
6 0.29052734375 0.57421875 0.0625 0.041015625
6 0.78271484375 0.5755208333333334 0.06494140625 0.041015625
6 0.45458984375 0.5755208333333334 0.06005859375 0.040364583333333336
6 0.61767578125 0.5768229166666666 0.06103515625 0.041666666666666664
6 0.705078125 0.6263020833333334 0.06640625 0.045572916666666664
3 0.79541015625 0.6302083333333334 0.109375 0.05859375
6 0.36767578125 0.6302083333333334 0.06396484375 0.048177083333333336
6 0.54443359375 0.6315104166666666 0.0625 0.045572916666666664
6 0.19091796875 0.6321614583333334 0.06884765625 0.048177083333333336
2 0.19482421875 0.6354166666666666 0.11572265625 0.064453125