0 0.333984375 0.4524739583333333 0.05126953125 0.027994791666666668
0 0.69580078125 0.4524739583333333 0.04541015625 0.026041666666666668
4 0.69580078125 0.455078125 0.0751953125 0.029947916666666668
4 0.2724609375 0.455078125 0.07861328125 0.031901041666666664
0 0.63623046875 0.48046875 0.0498046875 0.02734375
0 0.25732421875 0.4811197916666667 0.05126953125 0.027994791666666668
0 0.44775390625 0.5084635416666666 0.0546875 0.03125
0 0.32177734375 0.5091145833333334 0.0537109375 0.030598958333333332
0 0.7177734375 0.5091145833333334 0.05322265625 0.029947916666666668
0 0.51416015625 0.541015625 0.05517578125 0.033854166666666664
0 0.65185546875 0.5423177083333334 0.05517578125 0.033203125
0 0.67431640625 0.6184895833333334 0.0625 0.039713541666666664
0 0.27099609375 0.6673177083333334 0.068359375 0.045572916666666664
0 0.16943359375 0.7213541666666666 0.07421875 0.052083333333333336
2 0.169921875 0.7239583333333334 0.1201171875 0.06315104166666667
3 0.78857421875 0.7252604166666666 0.11474609375 0.06575520833333333