4 0.33837890625 0.3294270833333333 0.07568359375 0.032552083333333336
0 0.49560546875 0.3346354166666667 0.04296875 0.024739583333333332
0 0.619140625 0.3424479166666667 0.04541015625 0.0234375
0 0.73095703125 0.345703125 0.04541015625 0.025390625
5 0.73291015625 0.3483072916666667 0.0703125 0.032552083333333336
0 0.54638671875 0.36328125 0.04541015625 0.0234375
0 0.595703125 0.390625 0.04833984375 0.02734375
0 0.53369140625 0.4166666666666667 0.04931640625 0.029296875
0 0.4609375 0.447265625 0.04931640625 0.029296875
0 0.59326171875 0.4544270833333333 0.05078125 0.029947916666666668
0 0.513671875 0.4830729166666667 0.05322265625 0.033203125
0 0.43896484375 0.521484375 0.0546875 0.03515625
0 0.580078125 0.5286458333333334 0.05859375 0.036458333333333336
0 0.20361328125 0.5416666666666666 0.05859375 0.037109375
2 0.208984375 0.5475260416666666 0.10546875 0.053385416666666664
3 0.732421875 0.5911458333333334 0.09521484375 0.059895833333333336