0 0.2939453125 0.369140625 0.05078125 0.037760416666666664
4 0.23876953125 0.3697916666666667 0.0751953125 0.046875
0 0.54345703125 0.3854166666666667 0.0498046875 0.036458333333333336
0 0.66357421875 0.3951822916666667 0.0498046875 0.037760416666666664
5 0.666015625 0.3951822916666667 0.07421875 0.045572916666666664
0 0.2236328125 0.4029947916666667 0.0546875 0.037760416666666664
0 0.4814453125 0.419921875 0.05078125 0.040364583333333336
0 0.60693359375 0.427734375 0.0517578125 0.037760416666666664
0 0.2880859375 0.453125 0.060546875 0.041666666666666664
0 0.4169921875 0.4537760416666667 0.0546875 0.040364583333333336
0 0.216796875 0.486328125 0.060546875 0.04296875
6 0.3525390625 0.4947916666666667 0.0546875 0.041666666666666664
6 0.62109375 0.5052083333333334 0.056640625 0.041666666666666664
6 0.56201171875 0.5514322916666666 0.0595703125 0.04296875
6 0.6904296875 0.556640625 0.05859375 0.045572916666666664
6 0.2021484375 0.5794270833333334 0.0625 0.046875
6 0.34814453125 0.5826822916666666 0.0595703125 0.045572916666666664
6 0.62109375 0.5944010416666666 0.060546875 0.045572916666666664
6 0.4833984375 0.5950520833333334 0.056640625 0.044270833333333336
6 0.17138671875 0.6888020833333334 0.0654296875 0.052083333333333336
2 0.17431640625 0.689453125 0.1005859375 0.07421875
6 0.48583984375 0.70703125 0.0634765625 0.049479166666666664
3 0.71533203125 0.708984375 0.0908203125 0.07421875