7 0.7236328125 0.3059895833333333 0.0634765625 0.052083333333333336
5 0.72216796875 0.3125 0.0869140625 0.049479166666666664
4 0.27099609375 0.3489583333333333 0.0869140625 0.052083333333333336
1 0.4052734375 0.3736979166666667 0.060546875 0.05078125
7 0.60986328125 0.3951822916666667 0.064453125 0.049479166666666664
1 0.47998046875 0.40625 0.0654296875 0.052083333333333336
1 0.33447265625 0.4173177083333333 0.0654296875 0.05078125
7 0.4169921875 0.453125 0.064453125 0.0546875
7 0.48486328125 0.4921875 0.06640625 0.053385416666666664
1 0.564453125 0.537109375 0.0703125 0.05859375
1 0.81689453125 0.5716145833333334 0.0791015625 0.06380208333333333
3 0.82958984375 0.6276041666666666 0.1123046875 0.078125
7 0.2431640625 0.6790364583333334 0.080078125 0.057291666666666664
2 0.24365234375 0.6829427083333334 0.1005859375 0.08463541666666667