6 0.4453125 0.3157552083333333 0.046875 0.028645833333333332
6 0.70947265625 0.3157552083333333 0.04931640625 0.028645833333333332
6 0.32080078125 0.3177083333333333 0.04833984375 0.028645833333333332
6 0.57763671875 0.3177083333333333 0.04833984375 0.028645833333333332
4 0.25048828125 0.3190104166666667 0.07958984375 0.033854166666666664
5 0.70751953125 0.3209635416666667 0.08203125 0.033854166666666664
6 0.23974609375 0.3450520833333333 0.05224609375 0.029947916666666668
6 0.376953125 0.3463541666666667 0.05078125 0.029296875
6 0.51513671875 0.3489583333333333 0.05078125 0.029947916666666668
6 0.65185546875 0.3502604166666667 0.05078125 0.029947916666666668
6 0.306640625 0.3802083333333333 0.05322265625 0.032552083333333336
6 0.44482421875 0.3815104166666667 0.05078125 0.032552083333333336
6 0.72998046875 0.3821614583333333 0.05322265625 0.032552083333333336
6 0.5859375 0.3841145833333333 0.05224609375 0.032552083333333336
0 0.19189453125 0.5 0.06396484375 0.041015625
0 0.359375 0.501953125 0.0625 0.0390625
0 0.68408203125 0.5026041666666666 0.06396484375 0.0390625
0 0.525390625 0.5032552083333334 0.06103515625 0.040364583333333336
0 0.611328125 0.5501302083333334 0.06640625 0.044270833333333336
0 0.787109375 0.5520833333333334 0.06884765625 0.04296875
0 0.26904296875 0.5520833333333334 0.06640625 0.045572916666666664
0 0.4375 0.5533854166666666 0.06494140625 0.044270833333333336
0 0.345703125 0.607421875 0.06884765625 0.046875
0 0.708984375 0.607421875 0.06884765625 0.046875
0 0.53076171875 0.6080729166666666 0.06884765625 0.048828125
0 0.15869140625 0.609375 0.07568359375 0.048828125
3 0.79638671875 0.6100260416666666 0.11572265625 0.06380208333333333
2 0.15625 0.6106770833333334 0.11962890625 0.06510416666666667