0 0.68408203125 0.4192708333333333 0.04296875 0.022135416666666668
0 0.333984375 0.419921875 0.04296875 0.0234375
0 0.44921875 0.419921875 0.04443359375 0.025390625
0 0.56640625 0.421875 0.04443359375 0.025390625
4 0.27587890625 0.423828125 0.07275390625 0.02734375
5 0.68505859375 0.423828125 0.07275390625 0.02734375
0 0.51220703125 0.4446614583333333 0.04541015625 0.024739583333333332
0 0.62939453125 0.4446614583333333 0.04541015625 0.024739583333333332
0 0.26318359375 0.4453125 0.04833984375 0.025390625
0 0.38720703125 0.447265625 0.04833984375 0.0234375
0 0.447265625 0.4720052083333333 0.04833984375 0.026041666666666668
0 0.70458984375 0.4733072916666667 0.046875 0.026041666666666668
0 0.32080078125 0.4739583333333333 0.05078125 0.025390625
0 0.57666015625 0.474609375 0.04443359375 0.02734375
6 0.66748046875 0.5748697916666666 0.05322265625 0.033854166666666664
6 0.37451171875 0.5755208333333334 0.05615234375 0.036458333333333336
6 0.21923828125 0.5768229166666666 0.05859375 0.033854166666666664
6 0.52294921875 0.5768229166666666 0.05322265625 0.033854166666666664
6 0.283203125 0.6178385416666666 0.06103515625 0.037760416666666664
6 0.44482421875 0.6184895833333334 0.05615234375 0.037109375
6 0.76416015625 0.6184895833333334 0.06005859375 0.0390625
6 0.60546875 0.6184895833333334 0.05712890625 0.040364583333333336
6 0.69189453125 0.6640625 0.06103515625 0.04296875
6 0.36083984375 0.66796875 0.0625 0.04296875
6 0.53369140625 0.66796875 0.0625 0.04296875
3 0.78125 0.66796875 0.109375 0.056640625
6 0.18408203125 0.6705729166666666 0.06640625 0.04296875
2 0.1875 0.6725260416666666 0.1171875 0.057291666666666664