4 0.3798828125 0.4010416666666667 0.080078125 0.0390625
6 0.53515625 0.42578125 0.0498046875 0.028645833333333332
6 0.390625 0.4563802083333333 0.0498046875 0.028645833333333332
6 0.30810546875 0.4674479166666667 0.05078125 0.032552083333333336
6 0.76025390625 0.4680989583333333 0.048828125 0.029947916666666668
5 0.75537109375 0.47265625 0.078125 0.044270833333333336
6 0.5009765625 0.4759114583333333 0.0498046875 0.029947916666666668
6 0.416015625 0.4895833333333333 0.0517578125 0.032552083333333336
6 0.6103515625 0.5 0.0517578125 0.03125
6 0.333984375 0.5091145833333334 0.0537109375 0.033854166666666664
6 0.736328125 0.5247395833333334 0.0537109375 0.033854166666666664
6 0.583984375 0.564453125 0.0537109375 0.03515625
0 0.28466796875 0.572265625 0.0546875 0.0390625
0 0.50390625 0.5807291666666666 0.0595703125 0.0390625
0 0.19140625 0.5904947916666666 0.060546875 0.041666666666666664
0 0.71728515625 0.59375 0.0595703125 0.040364583333333336
2 0.18701171875 0.595703125 0.1123046875 0.0625
0 0.41943359375 0.6015625 0.05859375 0.041666666666666664
0 0.638671875 0.609375 0.0576171875 0.040364583333333336
0 0.32275390625 0.6217447916666666 0.0625 0.044270833333333336
0 0.70361328125 0.6744791666666666 0.0634765625 0.044270833333333336
0 0.6064453125 0.7018229166666666 0.0625 0.048177083333333336
3 0.67822265625 0.716796875 0.103515625 0.07421875