0 0.71435546875 0.3860677083333333 0.04736328125 0.02734375
0 0.3583984375 0.3860677083333333 0.0478515625 0.02734375
5 0.7138671875 0.388671875 0.07470703125 0.036458333333333336
4 0.298828125 0.388671875 0.07470703125 0.033203125
0 0.65380859375 0.4166666666666667 0.0478515625 0.027994791666666668
0 0.28369140625 0.4173177083333333 0.048828125 0.027994791666666668
0 0.46728515625 0.447265625 0.0498046875 0.03125
0 0.73095703125 0.4479166666666667 0.05224609375 0.030598958333333332
0 0.345703125 0.4485677083333333 0.0498046875 0.03125
0 0.53125 0.4830729166666667 0.05078125 0.032552083333333336
0 0.66455078125 0.4837239583333333 0.0517578125 0.032552083333333336
0 0.68115234375 0.5625 0.05908203125 0.037109375
0 0.3017578125 0.6106770833333334 0.06103515625 0.04296875
0 0.21044921875 0.6634114583333334 0.06396484375 0.046875
2 0.2099609375 0.666015625 0.10693359375 0.059895833333333336
3 0.7802734375 0.6692708333333334 0.1005859375 0.060546875