0 0.33251953125 0.3255208333333333 0.0546875 0.03125
4 0.2685546875 0.3326822916666667 0.087890625 0.040364583333333336
0 0.7236328125 0.3391927083333333 0.052734375 0.037760416666666664
0 0.59423828125 0.3391927083333333 0.052734375 0.032552083333333336
5 0.724609375 0.3430989583333333 0.083984375 0.037760416666666664
0 0.25537109375 0.3587239583333333 0.056640625 0.03515625
0 0.66796875 0.3704427083333333 0.056640625 0.03515625
0 0.533203125 0.3704427083333333 0.0546875 0.037760416666666664
0 0.326171875 0.4010416666666667 0.0615234375 0.036458333333333336
0 0.46728515625 0.40234375 0.0576171875 0.036458333333333336
0 0.25 0.4322916666666667 0.0634765625 0.0390625
6 0.6962890625 0.4375 0.0634765625 0.0390625
6 0.39892578125 0.4381510416666667 0.0595703125 0.040364583333333336
6 0.78173828125 0.4830729166666667 0.06640625 0.041666666666666664
6 0.63427734375 0.4856770833333333 0.064453125 0.041666666666666664
6 0.40185546875 0.5201822916666666 0.0634765625 0.04296875
6 0.234375 0.521484375 0.068359375 0.045572916666666664
6 0.70947265625 0.525390625 0.0673828125 0.04296875
6 0.5537109375 0.52734375 0.0673828125 0.044270833333333336
6 0.2001953125 0.6315104166666666 0.080078125 0.0546875
2 0.2041015625 0.6315104166666666 0.123046875 0.07291666666666667
3 0.837890625 0.6373697916666666 0.1171875 0.06901041666666667
6 0.5673828125 0.638671875 0.076171875 0.053385416666666664