1 0.734375 0.3639322916666667 0.046875 0.033854166666666664
1 0.470703125 0.3658854166666667 0.04833984375 0.036458333333333336
5 0.73486328125 0.3723958333333333 0.08203125 0.033854166666666664
4 0.28564453125 0.375 0.07958984375 0.033203125
1 0.54150390625 0.3958333333333333 0.04931640625 0.037109375
1 0.26904296875 0.396484375 0.05078125 0.037109375
1 0.75439453125 0.4283854166666667 0.05322265625 0.040364583333333336
1 0.33154296875 0.4283854166666667 0.05322265625 0.0390625
7 0.38525390625 0.5462239583333334 0.0625 0.045572916666666664
7 0.54638671875 0.5462239583333334 0.06103515625 0.048177083333333336
7 0.70947265625 0.5481770833333334 0.06494140625 0.046875
7 0.29052734375 0.59375 0.0703125 0.048828125
7 0.728515625 0.64453125 0.07177734375 0.0546875
7 0.18310546875 0.6529947916666666 0.07958984375 0.053385416666666664
3 0.82568359375 0.6549479166666666 0.11474609375 0.064453125
2 0.189453125 0.658203125 0.12353515625 0.06640625