0 0.43994140625 0.279296875 0.05224609375 0.029296875
0 0.57568359375 0.2805989583333333 0.04931640625 0.026041666666666668
6 0.720703125 0.2825520833333333 0.05322265625 0.029296875
4 0.24072265625 0.28515625 0.08837890625 0.037109375
5 0.72021484375 0.2858072916666667 0.08349609375 0.036458333333333336
1 0.22265625 0.30859375 0.05712890625 0.041015625
0 0.51318359375 0.3111979166666667 0.0546875 0.029296875
0 0.65185546875 0.3118489583333333 0.05322265625 0.026041666666666668
0 0.3671875 0.3131510416666667 0.0546875 0.032552083333333336
0 0.73974609375 0.345703125 0.05712890625 0.03125
0 0.44287109375 0.3463541666666667 0.06005859375 0.033203125
6 0.58447265625 0.3502604166666667 0.0546875 0.032552083333333336
0 0.2890625 0.3509114583333333 0.06005859375 0.033854166666666664
0 0.19873046875 0.3880208333333333 0.06103515625 0.037760416666666664
7 0.69091796875 0.4635416666666667 0.06640625 0.052083333333333336
6 0.34619140625 0.4713541666666667 0.06494140625 0.041015625
6 0.51806640625 0.4739583333333333 0.06494140625 0.037760416666666664
7 0.24169921875 0.515625 0.07421875 0.052734375
6 0.423828125 0.5201822916666666 0.06640625 0.041666666666666664
7 0.71240234375 0.5670572916666666 0.07275390625 0.057291666666666664
6 0.52099609375 0.5774739583333334 0.0703125 0.048177083333333336
3 0.81396484375 0.5813802083333334 0.12744140625 0.07161458333333333
0 0.12109375 0.5833333333333334 0.078125 0.052734375
2 0.130859375 0.5846354166666666 0.13671875 0.07161458333333333