0 0.57373046875 0.3561197916666667 0.03759765625 0.020833333333333332
5 0.57373046875 0.3587239583333333 0.06884765625 0.029947916666666668
0 0.47705078125 0.3645833333333333 0.04052734375 0.020833333333333332
0 0.36328125 0.3704427083333333 0.04150390625 0.022135416666666668
4 0.20361328125 0.3854166666666667 0.07177734375 0.03515625
0 0.4296875 0.3919270833333333 0.04443359375 0.024739583333333332
0 0.49072265625 0.4095052083333333 0.04150390625 0.024739583333333332
0 0.455078125 0.4427083333333333 0.04296875 0.025390625
0 0.52783203125 0.4680989583333333 0.04541015625 0.028645833333333332
0 0.408203125 0.4791666666666667 0.04833984375 0.02734375
0 0.47998046875 0.5045572916666666 0.04833984375 0.029947916666666668
0 0.564453125 0.533203125 0.05078125 0.03125
0 0.43896484375 0.55078125 0.05224609375 0.033203125
3 0.71337890625 0.5618489583333334 0.09375 0.053385416666666664
0 0.2265625 0.6171875 0.06005859375 0.041015625
2 0.236328125 0.6223958333333334 0.09521484375 0.064453125