6 0.4609375 0.35546875 0.046875 0.029296875
6 0.59228515625 0.3600260416666667 0.04931640625 0.028645833333333332
4 0.27783203125 0.3619791666666667 0.08203125 0.037760416666666664
5 0.712890625 0.36328125 0.07958984375 0.037109375
6 0.51806640625 0.3932291666666667 0.04931640625 0.03125
6 0.59375 0.4296875 0.05224609375 0.033203125
6 0.46240234375 0.4309895833333333 0.05224609375 0.033854166666666664
6 0.53857421875 0.4674479166666667 0.05322265625 0.036458333333333336
6 0.46142578125 0.5052083333333334 0.05615234375 0.036458333333333336
6 0.60107421875 0.5052083333333334 0.05615234375 0.037760416666666664
6 0.52734375 0.5540364583333334 0.06005859375 0.040364583333333336
6 0.61962890625 0.6002604166666666 0.06494140625 0.04296875
6 0.45703125 0.6028645833333334 0.06005859375 0.044270833333333336
2 0.20361328125 0.65625 0.11328125 0.06640625
6 0.541015625 0.66015625 0.06640625 0.048828125
3 0.79150390625 0.6608072916666666 0.10693359375 0.06510416666666667