4 0.34423828125 0.4270833333333333 0.0810546875 0.044270833333333336
6 0.501953125 0.458984375 0.0498046875 0.03125
6 0.3505859375 0.482421875 0.0498046875 0.03125
6 0.267578125 0.486328125 0.05078125 0.03515625
6 0.46337890625 0.5110677083333334 0.0498046875 0.032552083333333336
6 0.376953125 0.515625 0.052734375 0.03515625
6 0.72216796875 0.51953125 0.048828125 0.032552083333333336
5 0.720703125 0.5227864583333334 0.0791015625 0.045572916666666664
6 0.28955078125 0.529296875 0.0546875 0.037760416666666664
6 0.5693359375 0.5423177083333334 0.052734375 0.033854166666666664
6 0.69384765625 0.5735677083333334 0.0537109375 0.036458333333333336
0 0.23779296875 0.5930989583333334 0.0556640625 0.041666666666666664
6 0.5390625 0.6015625 0.0546875 0.0390625
0 0.1416015625 0.603515625 0.060546875 0.045572916666666664
2 0.13623046875 0.60546875 0.11328125 0.06901041666666667
0 0.45751953125 0.6165364583333334 0.060546875 0.041666666666666664
0 0.36865234375 0.6282552083333334 0.05859375 0.044270833333333336
0 0.669921875 0.6373697916666666 0.060546875 0.044270833333333336
0 0.27197265625 0.6451822916666666 0.0625 0.046875
0 0.5908203125 0.6510416666666666 0.05859375 0.04296875
0 0.6455078125 0.7213541666666666 0.0634765625 0.048177083333333336
0 0.5478515625 0.7421875 0.0634765625 0.05078125
3 0.6201171875 0.763671875 0.1044921875 0.07942708333333333