0 0.71435546875 0.3645833333333333 0.04833984375 0.026041666666666668
0 0.353515625 0.365234375 0.04833984375 0.025390625
0 0.47216796875 0.365234375 0.04833984375 0.02734375
0 0.59228515625 0.3671875 0.046875 0.025390625
5 0.71533203125 0.3684895833333333 0.07666015625 0.029947916666666668
4 0.29541015625 0.3697916666666667 0.07568359375 0.033203125
0 0.53662109375 0.3932291666666667 0.046875 0.028645833333333332
0 0.65625 0.3932291666666667 0.046875 0.025390625
0 0.28173828125 0.3938802083333333 0.04833984375 0.028645833333333332
0 0.40966796875 0.39453125 0.04833984375 0.02734375
0 0.470703125 0.4231770833333333 0.05078125 0.029296875
0 0.73486328125 0.423828125 0.04833984375 0.029296875
0 0.6015625 0.4244791666666667 0.04931640625 0.029296875
0 0.34130859375 0.42578125 0.05224609375 0.03125
6 0.396484375 0.533203125 0.05615234375 0.037109375
6 0.2421875 0.5338541666666666 0.05712890625 0.037109375
6 0.69384765625 0.5338541666666666 0.05712890625 0.037109375
6 0.54736328125 0.5345052083333334 0.05615234375 0.036458333333333336
6 0.30859375 0.5774739583333334 0.0625 0.040364583333333336
6 0.46826171875 0.578125 0.05859375 0.041015625
6 0.79150390625 0.5794270833333334 0.0625 0.040364583333333336
6 0.62939453125 0.580078125 0.05859375 0.041015625
6 0.71630859375 0.6276041666666666 0.0625 0.044270833333333336
6 0.38427734375 0.6302083333333334 0.0625 0.044921875
6 0.55615234375 0.630859375 0.0625 0.044921875
3 0.80615234375 0.6315104166666666 0.109375 0.059895833333333336
6 0.21044921875 0.6315104166666666 0.06640625 0.046875
2 0.21337890625 0.6334635416666666 0.11181640625 0.059895833333333336