0 0.33740234375 0.3346354166666667 0.046875 0.029296875
0 0.458984375 0.3352864583333333 0.04541015625 0.028645833333333332
0 0.71337890625 0.3365885416666667 0.04931640625 0.026041666666666668
0 0.587890625 0.3372395833333333 0.04541015625 0.028645833333333332
4 0.27587890625 0.3391927083333333 0.078125 0.033854166666666664
5 0.71533203125 0.3411458333333333 0.07666015625 0.03515625
0 0.26318359375 0.3671875 0.05224609375 0.03125
0 0.52783203125 0.3671875 0.04541015625 0.029296875
0 0.654296875 0.3684895833333333 0.05078125 0.02734375
0 0.39599609375 0.3684895833333333 0.04931640625 0.029947916666666668
0 0.45849609375 0.4010416666666667 0.05224609375 0.032552083333333336
0 0.32568359375 0.40234375 0.05322265625 0.033203125
0 0.73193359375 0.40234375 0.05224609375 0.03125
0 0.59423828125 0.4029947916666667 0.05078125 0.029947916666666668
6 0.38525390625 0.5208333333333334 0.05712890625 0.037760416666666664
6 0.22705078125 0.5227864583333334 0.05859375 0.037760416666666664
6 0.68701171875 0.5227864583333334 0.05859375 0.037760416666666664
6 0.53857421875 0.5234375 0.05859375 0.0390625
6 0.296875 0.5670572916666666 0.0625 0.040364583333333336
6 0.45849609375 0.5690104166666666 0.0625 0.041666666666666664
6 0.78564453125 0.5709635416666666 0.06396484375 0.041666666666666664
6 0.62158203125 0.5716145833333334 0.06103515625 0.041666666666666664
6 0.70654296875 0.6217447916666666 0.06396484375 0.045572916666666664
6 0.37451171875 0.623046875 0.06396484375 0.044921875
3 0.79638671875 0.6236979166666666 0.10791015625 0.060546875
6 0.19921875 0.625 0.06787109375 0.046875
2 0.20263671875 0.625 0.11083984375 0.0625
6 0.546875 0.625 0.06494140625 0.044921875