0 0.72900390625 0.3190104166666667 0.046875 0.02734375
0 0.470703125 0.3196614583333333 0.04833984375 0.026041666666666668
0 0.34423828125 0.3216145833333333 0.05078125 0.02734375
0 0.60009765625 0.322265625 0.046875 0.02734375
5 0.73291015625 0.3248697916666667 0.078125 0.036458333333333336
4 0.28271484375 0.3255208333333333 0.07568359375 0.03515625
0 0.5390625 0.3528645833333333 0.04931640625 0.029947916666666668
0 0.66796875 0.3541666666666667 0.04931640625 0.029947916666666668
0 0.27001953125 0.3541666666666667 0.05078125 0.03125
0 0.40478515625 0.35546875 0.04931640625 0.029296875
0 0.46923828125 0.3893229166666667 0.05078125 0.032552083333333336
0 0.75048828125 0.3893229166666667 0.05615234375 0.033203125
0 0.60888671875 0.3899739583333333 0.05078125 0.032552083333333336
0 0.33447265625 0.3912760416666667 0.0546875 0.032552083333333336
6 0.39306640625 0.5143229166666666 0.05712890625 0.0390625
6 0.70068359375 0.515625 0.06005859375 0.041015625
6 0.23388671875 0.5162760416666666 0.06103515625 0.040364583333333336
6 0.54931640625 0.5169270833333334 0.05712890625 0.0390625
6 0.30419921875 0.5618489583333334 0.06103515625 0.041666666666666664
6 0.46826171875 0.564453125 0.05859375 0.041015625
6 0.6328125 0.56640625 0.06005859375 0.04296875
6 0.80029296875 0.56640625 0.06396484375 0.04296875
6 0.71923828125 0.6178385416666666 0.06640625 0.045572916666666664
6 0.3828125 0.6197916666666666 0.0625 0.045572916666666664
6 0.556640625 0.6217447916666666 0.06396484375 0.045572916666666664
6 0.20703125 0.6223958333333334 0.06494140625 0.046875
2 0.21044921875 0.6223958333333334 0.11328125 0.06510416666666667
3 0.81298828125 0.6223958333333334 0.11083984375 0.06510416666666667