7 0.71923828125 0.3470052083333333 0.0615234375 0.04296875
5 0.712890625 0.3515625 0.08203125 0.036458333333333336
4 0.2705078125 0.36328125 0.083984375 0.037760416666666664
1 0.255859375 0.384765625 0.056640625 0.04296875
1 0.45458984375 0.416015625 0.0615234375 0.045572916666666664
7 0.52001953125 0.4505208333333333 0.0615234375 0.046875
7 0.5927734375 0.4856770833333333 0.06640625 0.049479166666666664
1 0.685546875 0.52734375 0.072265625 0.0546875
1 0.52001953125 0.53125 0.0693359375 0.052083333333333336
7 0.3662109375 0.5358072916666666 0.068359375 0.053385416666666664
1 0.61083984375 0.5794270833333334 0.0751953125 0.06510416666666667
3 0.7958984375 0.6360677083333334 0.119140625 0.06901041666666667
7 0.16064453125 0.64453125 0.0791015625 0.057291666666666664
2 0.1689453125 0.6497395833333334 0.12109375 0.06770833333333333