0 0.31591796875 0.2838541666666667 0.05322265625 0.03125
0 0.43994140625 0.2838541666666667 0.04931640625 0.029296875
0 0.69091796875 0.2838541666666667 0.04833984375 0.02734375
0 0.56494140625 0.28515625 0.04931640625 0.029296875
4 0.25537109375 0.2877604166666667 0.078125 0.032552083333333336
5 0.69189453125 0.2877604166666667 0.07958984375 0.032552083333333336
0 0.240234375 0.3118489583333333 0.05322265625 0.029947916666666668
0 0.5078125 0.3125 0.04931640625 0.029296875
0 0.6328125 0.3131510416666667 0.05224609375 0.028645833333333332
0 0.375 0.3138020833333333 0.0546875 0.029947916666666668
0 0.43798828125 0.341796875 0.05322265625 0.029296875
0 0.7109375 0.34375 0.05224609375 0.03125
0 0.57470703125 0.3450520833333333 0.05322265625 0.032552083333333336
0 0.3046875 0.345703125 0.0546875 0.033203125
6 0.66796875 0.4537760416666667 0.06005859375 0.036458333333333336
6 0.36376953125 0.4544270833333333 0.06103515625 0.036458333333333336
6 0.20361328125 0.455078125 0.06396484375 0.037109375
6 0.51904296875 0.4557291666666667 0.05859375 0.036458333333333336
6 0.76708984375 0.498046875 0.06494140625 0.0390625
6 0.27392578125 0.4986979166666667 0.06640625 0.040364583333333336
6 0.43798828125 0.4986979166666667 0.06103515625 0.040364583333333336
6 0.60302734375 0.4993489583333333 0.0625 0.040364583333333336
6 0.689453125 0.5455729166666666 0.06640625 0.04296875
3 0.779296875 0.5481770833333334 0.11083984375 0.055989583333333336
6 0.35302734375 0.5494791666666666 0.06494140625 0.044921875
6 0.52783203125 0.5501302083333334 0.06396484375 0.044270833333333336
6 0.173828125 0.5514322916666666 0.06884765625 0.045572916666666664
2 0.17626953125 0.5540364583333334 0.11865234375 0.059895833333333336