0 0.35205078125 0.3580729166666667 0.04296875 0.0234375
0 0.46875 0.359375 0.04443359375 0.0234375
0 0.70361328125 0.359375 0.04541015625 0.0234375
5 0.70361328125 0.3606770833333333 0.07958984375 0.029947916666666668
4 0.296875 0.361328125 0.07568359375 0.03125
0 0.408203125 0.3841145833333333 0.04541015625 0.026041666666666668
0 0.28515625 0.384765625 0.046875 0.0234375
0 0.34228515625 0.4140625 0.046875 0.02734375
0 0.40478515625 0.439453125 0.04931640625 0.029296875
0 0.47216796875 0.4694010416666667 0.05322265625 0.029947916666666668
0 0.33056640625 0.4713541666666667 0.05224609375 0.029947916666666668
0 0.40283203125 0.5 0.05322265625 0.033203125
0 0.47900390625 0.5442708333333334 0.06005859375 0.036458333333333336
0 0.22705078125 0.587890625 0.06396484375 0.041015625
3 0.80322265625 0.5891927083333334 0.109375 0.055989583333333336
2 0.232421875 0.5924479166666666 0.10791015625 0.055989583333333336