0 0.44677734375 0.3059895833333333 0.0546875 0.03125
0 0.57958984375 0.306640625 0.04931640625 0.02734375
6 0.720703125 0.3072916666666667 0.05078125 0.029947916666666668
5 0.72021484375 0.310546875 0.0859375 0.037109375
4 0.25 0.3111979166666667 0.08837890625 0.037760416666666664
1 0.23291015625 0.3333333333333333 0.0546875 0.040364583333333336
0 0.517578125 0.337890625 0.05322265625 0.03125
0 0.37548828125 0.3385416666666667 0.05322265625 0.029947916666666668
0 0.65185546875 0.3385416666666667 0.05078125 0.028645833333333332
0 0.73828125 0.3723958333333333 0.05712890625 0.033203125
0 0.44921875 0.3736979166666667 0.05712890625 0.033854166666666664
6 0.58544921875 0.376953125 0.05322265625 0.033203125
0 0.30078125 0.3776041666666667 0.06005859375 0.033854166666666664
0 0.21142578125 0.416015625 0.06396484375 0.041015625
7 0.6875 0.4921875 0.0625 0.052734375
6 0.35693359375 0.5013020833333334 0.0625 0.0390625
6 0.52197265625 0.5026041666666666 0.0625 0.0390625
7 0.25634765625 0.5442708333333334 0.0703125 0.048828125
6 0.43212890625 0.5481770833333334 0.06494140625 0.044270833333333336
7 0.70654296875 0.5963541666666666 0.07177734375 0.056640625
6 0.52490234375 0.6067708333333334 0.06787109375 0.048828125
3 0.802734375 0.6080729166666666 0.11865234375 0.07161458333333333
0 0.142578125 0.6106770833333334 0.07421875 0.049479166666666664
2 0.15576171875 0.6119791666666666 0.12646484375 0.06901041666666667