4 0.25830078125 0.369140625 0.076171875 0.046875
1 0.24560546875 0.3919270833333333 0.056640625 0.049479166666666664
7 0.68896484375 0.4075520833333333 0.05859375 0.049479166666666664
5 0.68359375 0.4114583333333333 0.0771484375 0.05078125
1 0.43310546875 0.4518229166666667 0.05859375 0.049479166666666664
7 0.49462890625 0.4973958333333333 0.0625 0.052083333333333336
7 0.55810546875 0.5442708333333334 0.0595703125 0.055989583333333336
7 0.3525390625 0.5670572916666666 0.06640625 0.0546875
1 0.4912109375 0.5826822916666666 0.0625 0.055989583333333336
1 0.63818359375 0.59765625 0.0634765625 0.055989583333333336
1 0.56640625 0.6380208333333334 0.0634765625 0.059895833333333336
7 0.1787109375 0.6510416666666666 0.0712890625 0.059895833333333336
2 0.1845703125 0.6569010416666666 0.1015625 0.07291666666666667
3 0.7275390625 0.7174479166666666 0.099609375 0.07291666666666667