1 0.73681640625 0.2994791666666667 0.04931640625 0.037760416666666664
1 0.47119140625 0.2994791666666667 0.04931640625 0.037109375
5 0.73681640625 0.3072916666666667 0.08056640625 0.037109375
4 0.283203125 0.3098958333333333 0.08203125 0.037109375
1 0.267578125 0.3333333333333333 0.05078125 0.041015625
1 0.54150390625 0.3333333333333333 0.05224609375 0.040364583333333336
1 0.75537109375 0.3684895833333333 0.0546875 0.040364583333333336
1 0.33056640625 0.3697916666666667 0.05224609375 0.04296875
7 0.38916015625 0.4934895833333333 0.0625 0.045572916666666664
7 0.546875 0.494140625 0.06005859375 0.048828125
7 0.70654296875 0.4947916666666667 0.06396484375 0.048828125
7 0.29638671875 0.5416666666666666 0.06884765625 0.049479166666666664
7 0.72412109375 0.5963541666666666 0.0703125 0.055989583333333336
7 0.19189453125 0.6028645833333334 0.07666015625 0.0546875
3 0.81884765625 0.6061197916666666 0.11181640625 0.06510416666666667
2 0.19921875 0.6067708333333334 0.1171875 0.06510416666666667