0 0.73291015625 0.3411458333333333 0.046875 0.02734375
0 0.47998046875 0.3411458333333333 0.04833984375 0.028645833333333332
0 0.61474609375 0.3424479166666667 0.046875 0.028645833333333332
5 0.73095703125 0.34375 0.07958984375 0.037109375
4 0.30419921875 0.3444010416666667 0.07958984375 0.037760416666666664
0 0.544921875 0.3743489583333333 0.05078125 0.029947916666666668
0 0.60595703125 0.4049479166666667 0.04833984375 0.032552083333333336
0 0.548828125 0.44140625 0.05322265625 0.033203125
0 0.47998046875 0.4837239583333333 0.05322265625 0.033854166666666664
0 0.62353515625 0.4850260416666667 0.0546875 0.036458333333333336
0 0.548828125 0.5247395833333334 0.05859375 0.037760416666666664
0 0.634765625 0.5748697916666666 0.06103515625 0.040364583333333336
0 0.48193359375 0.5787760416666666 0.06005859375 0.040364583333333336
0 0.22509765625 0.6295572916666666 0.06494140625 0.045572916666666664
2 0.23291015625 0.6341145833333334 0.11181640625 0.06640625
3 0.80712890625 0.6341145833333334 0.10693359375 0.06770833333333333