6 0.67626953125 0.3815104166666667 0.04541015625 0.024739583333333332
6 0.427734375 0.3815104166666667 0.04296875 0.025390625
6 0.55224609375 0.3828125 0.04443359375 0.025390625
6 0.31005859375 0.3841145833333333 0.046875 0.026041666666666668
5 0.67529296875 0.3860677083333333 0.07666015625 0.029947916666666668
4 0.24267578125 0.3880208333333333 0.07666015625 0.029296875
6 0.23193359375 0.4088541666666667 0.04931640625 0.02734375
6 0.365234375 0.4095052083333333 0.04833984375 0.026041666666666668
6 0.49560546875 0.4108072916666667 0.04833984375 0.028645833333333332
6 0.62353515625 0.4114583333333333 0.046875 0.02734375
6 0.69921875 0.4388020833333333 0.05224609375 0.029296875
6 0.427734375 0.4388020833333333 0.04833984375 0.028645833333333332
6 0.29638671875 0.4401041666666667 0.05322265625 0.029296875
6 0.56298828125 0.4407552083333333 0.05078125 0.028645833333333332
0 0.66455078125 0.546875 0.06396484375 0.037109375
0 0.35009765625 0.5481770833333334 0.06005859375 0.040364583333333336
0 0.51171875 0.548828125 0.0625 0.037109375
0 0.18359375 0.5494791666666666 0.0625 0.0390625
0 0.595703125 0.5911458333333334 0.06396484375 0.041015625
0 0.76708984375 0.591796875 0.06494140625 0.041015625
0 0.42626953125 0.595703125 0.06396484375 0.044921875
0 0.26025390625 0.5963541666666666 0.06787109375 0.04296875
0 0.693359375 0.642578125 0.06884765625 0.046875
3 0.77783203125 0.64453125 0.11572265625 0.060546875
0 0.51904296875 0.6458333333333334 0.06884765625 0.049479166666666664
0 0.33642578125 0.6471354166666666 0.07177734375 0.049479166666666664
0 0.14892578125 0.6510416666666666 0.07421875 0.045572916666666664
2 0.14697265625 0.6536458333333334 0.12255859375 0.061197916666666664