1 0.70947265625 0.421875 0.046875 0.033203125
0 0.46337890625 0.42578125 0.04443359375 0.0234375
0 0.583984375 0.4270833333333333 0.04541015625 0.020833333333333332
5 0.71044921875 0.4296875 0.07958984375 0.029296875
4 0.2890625 0.4309895833333333 0.078125 0.02734375
1 0.2734375 0.4459635416666667 0.04931640625 0.033854166666666664
0 0.53076171875 0.4485677083333333 0.04541015625 0.022135416666666668
0 0.40234375 0.4498697916666667 0.04931640625 0.024739583333333332
0 0.65185546875 0.4498697916666667 0.04833984375 0.022135416666666668
0 0.734375 0.4752604166666667 0.05224609375 0.026041666666666668
0 0.470703125 0.4752604166666667 0.05078125 0.02734375
0 0.333984375 0.478515625 0.05322265625 0.02734375
7 0.70263671875 0.5709635416666666 0.06103515625 0.040364583333333336
6 0.38818359375 0.5755208333333334 0.0625 0.03515625
6 0.54736328125 0.5755208333333334 0.05859375 0.033854166666666664
7 0.29443359375 0.6106770833333334 0.0703125 0.048177083333333336
6 0.46240234375 0.6145833333333334 0.0625 0.037109375
7 0.72900390625 0.65625 0.07275390625 0.052734375
7 0.18603515625 0.6634114583333334 0.078125 0.055989583333333336
6 0.55712890625 0.6640625 0.06787109375 0.04296875
3 0.82763671875 0.6666666666666666 0.12353515625 0.057291666666666664
2 0.18994140625 0.6705729166666666 0.12744140625 0.060546875