0 0.46337890625 0.3522135416666667 0.046875 0.028645833333333332
0 0.59130859375 0.3541666666666667 0.04931640625 0.025390625
4 0.275390625 0.35546875 0.08447265625 0.033203125
6 0.72509765625 0.3561197916666667 0.04931640625 0.026041666666666668
5 0.72314453125 0.357421875 0.08203125 0.033203125
1 0.25927734375 0.373046875 0.05224609375 0.037109375
0 0.39599609375 0.3802083333333333 0.05224609375 0.029296875
0 0.533203125 0.380859375 0.05078125 0.03125
0 0.662109375 0.3821614583333333 0.04833984375 0.028645833333333332
0 0.466796875 0.4127604166666667 0.05322265625 0.032552083333333336
0 0.32177734375 0.4134114583333333 0.05712890625 0.029947916666666668
0 0.74609375 0.4134114583333333 0.0546875 0.029947916666666668
6 0.59912109375 0.4147135416666667 0.04931640625 0.029947916666666668
0 0.23681640625 0.4479166666666667 0.06005859375 0.033203125
7 0.70556640625 0.521484375 0.06494140625 0.046875
6 0.376953125 0.5260416666666666 0.06396484375 0.037109375
6 0.54248046875 0.5286458333333334 0.06103515625 0.037760416666666664
7 0.27880859375 0.5651041666666666 0.0703125 0.048828125
6 0.45166015625 0.5716145833333334 0.06494140625 0.04296875
7 0.73193359375 0.6184895833333334 0.07275390625 0.057291666666666664
6 0.54833984375 0.6276041666666666 0.06787109375 0.046875
0 0.16064453125 0.6302083333333334 0.07421875 0.049479166666666664
2 0.17138671875 0.630859375 0.13134765625 0.06640625
3 0.83056640625 0.634765625 0.125 0.06640625