4 0.34423828125 0.3287760416666667 0.07958984375 0.033854166666666664
0 0.40087890625 0.3287760416666667 0.046875 0.026041666666666668
0 0.51513671875 0.3372395833333333 0.04541015625 0.028645833333333332
0 0.32373046875 0.3528645833333333 0.04833984375 0.028645833333333332
0 0.76416015625 0.3528645833333333 0.04931640625 0.024739583333333332
5 0.76220703125 0.3567708333333333 0.07421875 0.036458333333333336
0 0.44482421875 0.3606770833333333 0.04833984375 0.029947916666666668
0 0.3671875 0.3873697916666667 0.04931640625 0.029947916666666668
0 0.41650390625 0.4205729166666667 0.0546875 0.029947916666666668
0 0.33056640625 0.4453125 0.05224609375 0.03125
0 0.47119140625 0.4563802083333333 0.0546875 0.033854166666666664
0 0.38916015625 0.4830729166666667 0.0546875 0.033854166666666664
0 0.44384765625 0.537109375 0.06005859375 0.0390625
0 0.18603515625 0.5553385416666666 0.0625 0.040364583333333336
2 0.19384765625 0.5611979166666666 0.12255859375 0.059895833333333336
3 0.759765625 0.6197916666666666 0.10302734375 0.06901041666666667