4 0.23583984375 0.30078125 0.0947265625 0.059895833333333336
6 0.46044921875 0.3229166666666667 0.0615234375 0.046875
1 0.61083984375 0.3502604166666667 0.0595703125 0.049479166666666664
6 0.76171875 0.3678385416666667 0.0625 0.045572916666666664
5 0.755859375 0.376953125 0.09765625 0.061197916666666664
6 0.2939453125 0.392578125 0.064453125 0.048177083333333336
7 0.451171875 0.4088541666666667 0.064453125 0.057291666666666664
6 0.19140625 0.4173177083333333 0.068359375 0.05078125
7 0.3544921875 0.4375 0.07421875 0.057291666666666664
0 0.5205078125 0.4654947916666667 0.064453125 0.048177083333333336
6 0.25732421875 0.4830729166666667 0.0673828125 0.052083333333333336
7 0.6171875 0.529296875 0.068359375 0.061197916666666664
1 0.7958984375 0.5598958333333334 0.076171875 0.0703125
0 0.23828125 0.591796875 0.08203125 0.06901041666666667
2 0.1142578125 0.6393229166666666 0.1328125 0.09635416666666667
0 0.1220703125 0.6399739583333334 0.08984375 0.06901041666666667
0 0.326171875 0.6686197916666666 0.0859375 0.07682291666666667
1 0.82861328125 0.6744791666666666 0.0927734375 0.078125
1 0.724609375 0.734375 0.09375 0.08333333333333333
3 0.8271484375 0.7545572916666666 0.125 0.11067708333333333