1 0.70166015625 0.4029947916666667 0.04443359375 0.032552083333333336
0 0.45556640625 0.4075520833333333 0.04443359375 0.022135416666666668
0 0.57763671875 0.4088541666666667 0.04541015625 0.022135416666666668
5 0.703125 0.4114583333333333 0.078125 0.03125
4 0.27734375 0.4140625 0.078125 0.029296875
1 0.26171875 0.4309895833333333 0.04931640625 0.033854166666666664
0 0.521484375 0.4322916666666667 0.04833984375 0.025390625
0 0.64453125 0.4322916666666667 0.046875 0.025390625
0 0.392578125 0.4348958333333333 0.04833984375 0.02734375
0 0.72802734375 0.458984375 0.04931640625 0.02734375
0 0.4609375 0.4609375 0.04931640625 0.02734375
0 0.32373046875 0.4641927083333333 0.04833984375 0.028645833333333332
7 0.69189453125 0.560546875 0.06103515625 0.04296875
6 0.37744140625 0.5670572916666666 0.06005859375 0.036458333333333336
6 0.53662109375 0.5670572916666666 0.06005859375 0.036458333333333336
7 0.28271484375 0.6041666666666666 0.06787109375 0.048177083333333336
6 0.45166015625 0.6067708333333334 0.0625 0.040364583333333336
7 0.72021484375 0.6484375 0.07275390625 0.052734375
6 0.54541015625 0.6575520833333334 0.06787109375 0.045572916666666664
7 0.17529296875 0.658203125 0.07421875 0.052734375
3 0.81494140625 0.6595052083333334 0.11962890625 0.059895833333333336
2 0.18017578125 0.6647135416666666 0.12353515625 0.061197916666666664