7 0.70556640625 0.365234375 0.0625 0.041666666666666664
4 0.25634765625 0.3697916666666667 0.0849609375 0.037760416666666664
5 0.70166015625 0.3697916666666667 0.0830078125 0.036458333333333336
1 0.2392578125 0.3912760416666667 0.0576171875 0.041666666666666664
1 0.439453125 0.4270833333333333 0.0625 0.045572916666666664
7 0.5029296875 0.4622395833333333 0.0625 0.046875
7 0.57177734375 0.5 0.068359375 0.049479166666666664
1 0.66552734375 0.54296875 0.07421875 0.0546875
7 0.34423828125 0.5436197916666666 0.0703125 0.053385416666666664
1 0.498046875 0.5442708333333334 0.0712890625 0.05078125
1 0.5859375 0.5950520833333334 0.076171875 0.06380208333333333
7 0.13671875 0.6484375 0.080078125 0.057291666666666664
2 0.1435546875 0.6549479166666666 0.123046875 0.06640625
3 0.7763671875 0.65625 0.12109375 0.06770833333333333