1 0.69775390625 0.38671875 0.046875 0.03125
0 0.57177734375 0.3932291666666667 0.046875 0.022135416666666668
0 0.44873046875 0.3932291666666667 0.04833984375 0.025390625
5 0.69970703125 0.3958333333333333 0.07958984375 0.03125
4 0.26904296875 0.400390625 0.07666015625 0.029296875
1 0.25244140625 0.4192708333333333 0.04931640625 0.037109375
0 0.51708984375 0.419921875 0.04931640625 0.02734375
0 0.640625 0.419921875 0.04931640625 0.025390625
0 0.384765625 0.4225260416666667 0.04833984375 0.026041666666666668
0 0.72265625 0.447265625 0.05224609375 0.02734375
0 0.45361328125 0.4498697916666667 0.05078125 0.028645833333333332
0 0.31494140625 0.4557291666666667 0.04931640625 0.029296875
7 0.6875 0.552734375 0.0625 0.04296875
6 0.53173828125 0.5598958333333334 0.05859375 0.036458333333333336
6 0.37109375 0.5611979166666666 0.06005859375 0.036458333333333336
7 0.27734375 0.6022135416666666 0.0703125 0.048177083333333336
6 0.44580078125 0.6028645833333334 0.06640625 0.041015625
7 0.71435546875 0.64453125 0.07421875 0.052734375
6 0.54052734375 0.6549479166666666 0.06787109375 0.045572916666666664
3 0.81201171875 0.6549479166666666 0.11865234375 0.061197916666666664
7 0.16943359375 0.6595052083333334 0.078125 0.055989583333333336
2 0.17529296875 0.6653645833333334 0.12353515625 0.06510416666666667