7 0.72705078125 0.298828125 0.05322265625 0.033203125
0 0.59326171875 0.30859375 0.05078125 0.029296875
5 0.73095703125 0.30859375 0.08203125 0.0390625
0 0.46337890625 0.3092447916666667 0.04931640625 0.028645833333333332
4 0.271484375 0.3177083333333333 0.07958984375 0.03515625
0 0.533203125 0.3372395833333333 0.05078125 0.028645833333333332
0 0.666015625 0.3372395833333333 0.05078125 0.028645833333333332
1 0.25537109375 0.3385416666666667 0.05224609375 0.040364583333333336
0 0.392578125 0.3424479166666667 0.05078125 0.033854166666666664
0 0.75 0.3684895833333333 0.05224609375 0.032552083333333336
0 0.46630859375 0.3736979166666667 0.0546875 0.032552083333333336
0 0.32275390625 0.3802083333333333 0.0546875 0.033854166666666664
7 0.70556640625 0.4830729166666667 0.06494140625 0.046875
6 0.380859375 0.49609375 0.06103515625 0.0390625
6 0.54345703125 0.49609375 0.05859375 0.037109375
7 0.28564453125 0.5397135416666666 0.06884765625 0.048177083333333336
6 0.45654296875 0.541015625 0.06396484375 0.04296875
7 0.72509765625 0.5813802083333334 0.06787109375 0.055989583333333336
6 0.54931640625 0.59375 0.06787109375 0.046875
3 0.82373046875 0.5950520833333334 0.11865234375 0.068359375
1 0.17431640625 0.6002604166666666 0.0703125 0.053385416666666664
2 0.1875 0.603515625 0.11962890625 0.06640625