1 0.71142578125 0.3763020833333333 0.04833984375 0.032552083333333336
1 0.46240234375 0.3776041666666667 0.046875 0.033854166666666664
4 0.28369140625 0.384765625 0.08056640625 0.03125
5 0.71142578125 0.384765625 0.07666015625 0.033203125
1 0.26806640625 0.404296875 0.04931640625 0.037109375
1 0.529296875 0.40625 0.04833984375 0.03515625
1 0.330078125 0.4368489583333333 0.05615234375 0.040364583333333336
1 0.73193359375 0.4381510416666667 0.0546875 0.037760416666666664
7 0.380859375 0.5481770833333334 0.05859375 0.041666666666666664
7 0.53662109375 0.5494791666666666 0.05712890625 0.048177083333333336
7 0.69091796875 0.5520833333333334 0.06103515625 0.04296875
7 0.2890625 0.59375 0.06494140625 0.046875
7 0.7109375 0.6471354166666666 0.06787109375 0.052083333333333336
7 0.1875 0.650390625 0.07568359375 0.0546875
2 0.19189453125 0.654296875 0.11865234375 0.0625
3 0.80419921875 0.6555989583333334 0.11328125 0.06510416666666667