7 0.70703125 0.314453125 0.05078125 0.03515625
5 0.7041015625 0.3209635416666667 0.072265625 0.040364583333333336
4 0.3173828125 0.3489583333333333 0.072265625 0.0390625
7 0.421875 0.3639322916666667 0.052734375 0.036458333333333336
7 0.59521484375 0.3834635416666667 0.052734375 0.0390625
1 0.48193359375 0.390625 0.0517578125 0.041666666666666664
1 0.36279296875 0.3958333333333333 0.0556640625 0.037760416666666664
7 0.41943359375 0.4205729166666667 0.0556640625 0.037760416666666664
7 0.60693359375 0.4427083333333333 0.0576171875 0.041666666666666664
1 0.34912109375 0.4602864583333333 0.056640625 0.0390625
1 0.53515625 0.4876302083333333 0.064453125 0.049479166666666664
7 0.275390625 0.494140625 0.064453125 0.045572916666666664
1 0.75537109375 0.51953125 0.064453125 0.05078125
3 0.76220703125 0.5618489583333334 0.09765625 0.055989583333333336
1 0.39453125 0.5729166666666666 0.0673828125 0.049479166666666664
2 0.2470703125 0.5833333333333334 0.09765625 0.057291666666666664