5 0.67529296875 0.271484375 0.08984375 0.037109375
6 0.28857421875 0.2864583333333333 0.05322265625 0.028645833333333332
4 0.22509765625 0.2981770833333333 0.0859375 0.041015625
6 0.36083984375 0.3151041666666667 0.0546875 0.029947916666666668
6 0.21875 0.3177083333333333 0.0546875 0.029947916666666668
6 0.30078125 0.3502604166666667 0.0546875 0.032552083333333336
6 0.375 0.3802083333333333 0.05712890625 0.03125
6 0.232421875 0.3854166666666667 0.05859375 0.03515625
6 0.31494140625 0.41796875 0.0625 0.037109375
6 0.3984375 0.45703125 0.0625 0.0390625
6 0.22216796875 0.462890625 0.06884765625 0.041015625
6 0.32421875 0.5071614583333334 0.0703125 0.044270833333333336
3 0.85400390625 0.5149739583333334 0.125 0.06770833333333333
6 0.42919921875 0.556640625 0.07177734375 0.048828125
6 0.23388671875 0.5748697916666666 0.07666015625 0.049479166666666664
2 0.23486328125 0.5768229166666666 0.11865234375 0.07552083333333333