6 0.49658203125 0.2994791666666667 0.04833984375 0.028645833333333332
4 0.31396484375 0.3020833333333333 0.08349609375 0.037760416666666664
6 0.634765625 0.306640625 0.04833984375 0.02734375
5 0.76171875 0.3151041666666667 0.08349609375 0.040364583333333336
6 0.54736328125 0.3385416666666667 0.05078125 0.029947916666666668
6 0.482421875 0.3736979166666667 0.05078125 0.033854166666666664
6 0.61865234375 0.3763020833333333 0.0546875 0.032552083333333336
6 0.552734375 0.4114583333333333 0.05615234375 0.03515625
6 0.46337890625 0.447265625 0.0546875 0.037109375
6 0.609375 0.453125 0.06005859375 0.037109375
6 0.52001953125 0.4973958333333333 0.06103515625 0.041015625
6 0.43798828125 0.5416666666666666 0.06103515625 0.044270833333333336
6 0.60546875 0.5481770833333334 0.06494140625 0.044921875
2 0.17529296875 0.5813802083333334 0.12109375 0.06510416666666667
6 0.51025390625 0.6015625 0.06787109375 0.048828125
3 0.77587890625 0.6184895833333334 0.10693359375 0.072265625