6 0.4677734375 0.3880208333333333 0.0478515625 0.02734375
4 0.29248046875 0.3880208333333333 0.0771484375 0.033854166666666664
6 0.6953125 0.3958333333333333 0.05078125 0.028645833333333332
5 0.693359375 0.3990885416666667 0.076171875 0.033854166666666664
6 0.33740234375 0.4407552083333333 0.0537109375 0.029947916666666668
6 0.46142578125 0.4420572916666667 0.0546875 0.03125
6 0.58056640625 0.44921875 0.052734375 0.029947916666666668
6 0.7060546875 0.4498697916666667 0.0537109375 0.03125
6 0.25732421875 0.4661458333333333 0.0615234375 0.03125
6 0.3837890625 0.4680989583333333 0.052734375 0.032552083333333336
6 0.3095703125 0.50390625 0.05859375 0.036458333333333336
6 0.5927734375 0.5110677083333334 0.0546875 0.03515625
0 0.72802734375 0.5169270833333334 0.064453125 0.040364583333333336
0 0.6650390625 0.5423177083333334 0.064453125 0.04296875
0 0.52880859375 0.5455729166666666 0.0634765625 0.041666666666666664
0 0.29541015625 0.580078125 0.0693359375 0.041666666666666664
0 0.4521484375 0.583984375 0.0673828125 0.045572916666666664
0 0.7607421875 0.59375 0.0703125 0.048177083333333336
0 0.19970703125 0.6184895833333334 0.0712890625 0.046875
0 0.36767578125 0.623046875 0.0712890625 0.046875
2 0.19580078125 0.6243489583333334 0.1142578125 0.061197916666666664
3 0.76416015625 0.6399739583333334 0.1064453125 0.061197916666666664
0 0.6904296875 0.6419270833333334 0.0673828125 0.05078125