0 0.677734375 0.3893229166666667 0.04296875 0.0234375
5 0.6796875 0.3932291666666667 0.0703125 0.032552083333333336
4 0.27685546875 0.400390625 0.07421875 0.033203125
0 0.626953125 0.4186197916666667 0.04296875 0.024739583333333332
0 0.697265625 0.4453125 0.04833984375 0.02734375
0 0.56982421875 0.4505208333333333 0.04541015625 0.026041666666666668
0 0.64404296875 0.48046875 0.04833984375 0.029296875
0 0.72216796875 0.5162760416666666 0.05078125 0.032552083333333336
0 0.58544921875 0.5169270833333334 0.05078125 0.03125
0 0.666015625 0.5553385416666666 0.05322265625 0.033854166666666664
0 0.5234375 0.5579427083333334 0.05224609375 0.033854166666666664
0 0.6015625 0.5989583333333334 0.0546875 0.037760416666666664
0 0.75732421875 0.5989583333333334 0.05615234375 0.037760416666666664
0 0.69677734375 0.6490885416666666 0.06005859375 0.040364583333333336
3 0.771484375 0.6497395833333334 0.10302734375 0.057291666666666664
2 0.216796875 0.6627604166666666 0.10546875 0.060546875