1 0.76611328125 0.2669270833333333 0.05078125 0.041666666666666664
0 0.48974609375 0.2740885416666667 0.0546875 0.029947916666666668
0 0.62548828125 0.2747395833333333 0.05078125 0.029296875
5 0.767578125 0.2760416666666667 0.08740234375 0.040364583333333336
4 0.29345703125 0.2825520833333333 0.08740234375 0.0390625
0 0.69921875 0.3053385416666667 0.0546875 0.032552083333333336
0 0.56298828125 0.3059895833333333 0.05615234375 0.03125
1 0.27880859375 0.306640625 0.0546875 0.041015625
0 0.42041015625 0.3092447916666667 0.05712890625 0.033854166666666664
0 0.787109375 0.3411458333333333 0.05859375 0.033203125
0 0.494140625 0.3444010416666667 0.05615234375 0.033854166666666664
0 0.34814453125 0.3502604166666667 0.05859375 0.03515625
7 0.740234375 0.4694010416666667 0.06640625 0.048177083333333336
6 0.40771484375 0.4752604166666667 0.06494140625 0.04296875
6 0.57275390625 0.4752604166666667 0.0625 0.041015625
7 0.310546875 0.521484375 0.07177734375 0.05078125
6 0.48388671875 0.5234375 0.06640625 0.046875
7 0.75927734375 0.5748697916666666 0.078125 0.055989583333333336
3 0.86083984375 0.58203125 0.11962890625 0.0703125
6 0.57861328125 0.5826822916666666 0.06884765625 0.049479166666666664
7 0.20458984375 0.5846354166666666 0.08056640625 0.055989583333333336
2 0.21142578125 0.5885416666666666 0.12353515625 0.06901041666666667