0 0.728515625 0.3118489583333333 0.05078125 0.026041666666666668
0 0.46728515625 0.3131510416666667 0.046875 0.028645833333333332
0 0.59765625 0.3138020833333333 0.046875 0.028645833333333332
0 0.34130859375 0.3151041666666667 0.05224609375 0.028645833333333332
5 0.73046875 0.3157552083333333 0.078125 0.036458333333333336
4 0.279296875 0.3190104166666667 0.07666015625 0.03515625
0 0.537109375 0.345703125 0.05078125 0.029296875
0 0.66748046875 0.345703125 0.05078125 0.03125
0 0.265625 0.3489583333333333 0.05224609375 0.03125
0 0.40087890625 0.3489583333333333 0.04931640625 0.029947916666666668
0 0.748046875 0.3815104166666667 0.05078125 0.032552083333333336
0 0.46630859375 0.3821614583333333 0.05224609375 0.032552083333333336
0 0.60693359375 0.3828125 0.05224609375 0.03125
0 0.32958984375 0.3841145833333333 0.05224609375 0.032552083333333336
6 0.39111328125 0.5084635416666666 0.05859375 0.037760416666666664
6 0.69970703125 0.5084635416666666 0.05859375 0.040364583333333336
6 0.54638671875 0.5091145833333334 0.05859375 0.0390625
6 0.232421875 0.5104166666666666 0.06396484375 0.041015625
6 0.30126953125 0.5559895833333334 0.06103515625 0.041666666666666664
6 0.798828125 0.5572916666666666 0.06640625 0.044270833333333336
6 0.46533203125 0.5579427083333334 0.05859375 0.041666666666666664
6 0.63232421875 0.5579427083333334 0.06396484375 0.044270833333333336
6 0.71923828125 0.6100260416666666 0.06640625 0.045572916666666664
6 0.380859375 0.6126302083333334 0.06103515625 0.045572916666666664
6 0.55517578125 0.61328125 0.06396484375 0.044921875
3 0.81103515625 0.6139322916666666 0.109375 0.061197916666666664
6 0.205078125 0.6158854166666666 0.06884765625 0.048177083333333336
2 0.208984375 0.6165364583333334 0.11083984375 0.06380208333333333