0 0.638671875 0.37109375 0.04296875 0.025390625
5 0.64013671875 0.3723958333333333 0.07666015625 0.03515625
0 0.421875 0.3873697916666667 0.04443359375 0.026041666666666668
0 0.31005859375 0.39453125 0.04931640625 0.02734375
4 0.25537109375 0.4036458333333333 0.07568359375 0.040364583333333336
0 0.375 0.4192708333333333 0.046875 0.028645833333333332
0 0.25341796875 0.4309895833333333 0.04833984375 0.029296875
0 0.3203125 0.458984375 0.046875 0.029296875
0 0.39208984375 0.4856770833333333 0.046875 0.03125
0 0.46630859375 0.51171875 0.05224609375 0.033203125
0 0.33056640625 0.5266927083333334 0.0546875 0.033854166666666664
0 0.41015625 0.5520833333333334 0.0546875 0.036458333333333336
0 0.49609375 0.5924479166666666 0.0546875 0.036458333333333336
3 0.7841796875 0.6080729166666666 0.109375 0.059895833333333336
0 0.2734375 0.6653645833333334 0.0625 0.04296875
2 0.28369140625 0.6692708333333334 0.09619140625 0.06901041666666667