7 0.64599609375 0.4055989583333333 0.05078125 0.040364583333333336
5 0.64501953125 0.416015625 0.0810546875 0.04296875
4 0.2490234375 0.4205729166666667 0.072265625 0.040364583333333336
7 0.37109375 0.439453125 0.0556640625 0.040364583333333336
7 0.55810546875 0.4635416666666667 0.060546875 0.04296875
1 0.4384765625 0.46875 0.0537109375 0.041666666666666664
1 0.31396484375 0.4700520833333333 0.05859375 0.04296875
7 0.38671875 0.49609375 0.0595703125 0.045572916666666664
7 0.59326171875 0.5234375 0.0625 0.048177083333333336
1 0.31884765625 0.533203125 0.060546875 0.05078125
1 0.52978515625 0.5618489583333334 0.0634765625 0.049479166666666664
7 0.24755859375 0.5618489583333334 0.068359375 0.052083333333333336
1 0.7724609375 0.6015625 0.06640625 0.05078125
3 0.7919921875 0.642578125 0.1162109375 0.06901041666666667
1 0.4091796875 0.6516927083333334 0.07421875 0.057291666666666664
2 0.2431640625 0.6627604166666666 0.09765625 0.059895833333333336