4 0.36767578125 0.3307291666666667 0.07666015625 0.037760416666666664
0 0.52880859375 0.337890625 0.04443359375 0.025390625
0 0.65576171875 0.34765625 0.04833984375 0.025390625
0 0.7734375 0.353515625 0.046875 0.025390625
5 0.77392578125 0.3567708333333333 0.07421875 0.037109375
0 0.578125 0.3697916666666667 0.046875 0.02734375
0 0.62548828125 0.400390625 0.04833984375 0.02734375
0 0.55908203125 0.4283854166666667 0.05078125 0.029947916666666668
0 0.47998046875 0.458984375 0.05078125 0.033203125
0 0.61376953125 0.4713541666666667 0.05322265625 0.032552083333333336
0 0.52880859375 0.4993489583333333 0.05224609375 0.033854166666666664
0 0.44873046875 0.5377604166666666 0.05322265625 0.036458333333333336
0 0.59326171875 0.5494791666666666 0.05859375 0.037760416666666664
0 0.21044921875 0.5540364583333334 0.05859375 0.040364583333333336
2 0.216796875 0.5592447916666666 0.11083984375 0.057291666666666664
3 0.7421875 0.6217447916666666 0.09912109375 0.06901041666666667