0 0.3623046875 0.4791666666666667 0.044921875 0.026041666666666668
4 0.3056640625 0.482421875 0.07421875 0.032552083333333336
0 0.71044921875 0.4830729166666667 0.0478515625 0.026041666666666668
5 0.71044921875 0.4850260416666667 0.0732421875 0.033203125
0 0.28955078125 0.5078125 0.0498046875 0.026692708333333332
0 0.6533203125 0.5110677083333334 0.04833984375 0.02734375
0 0.47119140625 0.5377604166666666 0.05029296875 0.029947916666666668
0 0.35107421875 0.5384114583333334 0.04931640625 0.031901041666666664
0 0.7314453125 0.5416666666666666 0.052734375 0.031901041666666664
0 0.53369140625 0.5716145833333334 0.052734375 0.032552083333333336
0 0.6669921875 0.57421875 0.05322265625 0.032552083333333336
0 0.68505859375 0.6510416666666666 0.0576171875 0.0390625
0 0.30078125 0.6953125 0.0625 0.044270833333333336
0 0.20556640625 0.7473958333333334 0.06689453125 0.048828125
2 0.20556640625 0.7506510416666666 0.11328125 0.060546875
3 0.791015625 0.7584635416666666 0.109375 0.06315104166666667