6 0.62353515625 0.32421875 0.046875 0.025390625
5 0.62060546875 0.3307291666666667 0.08447265625 0.0390625
6 0.498046875 0.341796875 0.04833984375 0.02734375
6 0.58349609375 0.3580729166666667 0.046875 0.02734375
4 0.19091796875 0.375 0.08447265625 0.04296875
6 0.671875 0.3802083333333333 0.04931640625 0.028645833333333332
6 0.541015625 0.3958333333333333 0.05078125 0.029296875
6 0.63037109375 0.421875 0.05224609375 0.03125
6 0.72607421875 0.4505208333333333 0.05615234375 0.033203125
6 0.58056640625 0.4635416666666667 0.0546875 0.03515625
6 0.67333984375 0.4895833333333333 0.05712890625 0.036458333333333336
6 0.78173828125 0.5247395833333334 0.06103515625 0.037760416666666664
6 0.638671875 0.5436197916666666 0.06103515625 0.040364583333333336
3 0.81787109375 0.5735677083333334 0.1171875 0.06770833333333333
6 0.748046875 0.5872395833333334 0.06640625 0.044921875
2 0.24609375 0.6666666666666666 0.1171875 0.08203125