0 0.30859375 0.330078125 0.056640625 0.04296875
4 0.2451171875 0.33203125 0.083984375 0.057291666666666664
0 0.455078125 0.3444010416666667 0.0546875 0.040364583333333336
0 0.587890625 0.361328125 0.05859375 0.04296875
0 0.22412109375 0.3684895833333333 0.0615234375 0.044270833333333336
0 0.7353515625 0.3697916666666667 0.060546875 0.044270833333333336
5 0.7373046875 0.3723958333333333 0.080078125 0.06510416666666667
0 0.37744140625 0.3860677083333333 0.0615234375 0.045572916666666664
0 0.5126953125 0.3997395833333333 0.060546875 0.046875
0 0.66162109375 0.4095052083333333 0.0595703125 0.045572916666666664
0 0.2919921875 0.4225260416666667 0.06640625 0.048177083333333336
0 0.439453125 0.4348958333333333 0.05859375 0.046875
0 0.58837890625 0.4524739583333333 0.0634765625 0.048177083333333336
0 0.744140625 0.4700520833333333 0.0625 0.049479166666666664
6 0.17138671875 0.5735677083333334 0.0673828125 0.053385416666666664
6 0.345703125 0.5846354166666666 0.06640625 0.052083333333333336
6 0.49853515625 0.603515625 0.0654296875 0.05078125
6 0.6611328125 0.6204427083333334 0.064453125 0.05078125
6 0.23876953125 0.6380208333333334 0.0712890625 0.0546875
6 0.4013671875 0.6529947916666666 0.0703125 0.055989583333333336
6 0.57275390625 0.673828125 0.0654296875 0.053385416666666664
2 0.13916015625 0.6907552083333334 0.1142578125 0.08203125
6 0.1328125 0.6927083333333334 0.072265625 0.057291666666666664
6 0.74853515625 0.693359375 0.0693359375 0.055989583333333336
6 0.3125 0.7122395833333334 0.072265625 0.057291666666666664
6 0.47900390625 0.7317708333333334 0.0693359375 0.057291666666666664
6 0.66455078125 0.748046875 0.0712890625 0.05859375
3 0.751953125 0.7513020833333334 0.1015625 0.08072916666666667