4 0.2373046875 0.2981770833333333 0.09375 0.0546875
6 0.46533203125 0.3203125 0.0615234375 0.046875
1 0.61572265625 0.3430989583333333 0.0595703125 0.055989583333333336
6 0.76416015625 0.3626302083333333 0.0615234375 0.045572916666666664
5 0.7587890625 0.3697916666666667 0.095703125 0.059895833333333336
6 0.2998046875 0.38671875 0.064453125 0.046875
7 0.455078125 0.4029947916666667 0.064453125 0.055989583333333336
6 0.19775390625 0.4173177083333333 0.0673828125 0.05078125
7 0.35888671875 0.4329427083333333 0.0732421875 0.055989583333333336
0 0.52587890625 0.4596354166666667 0.0654296875 0.057291666666666664
6 0.26416015625 0.4791666666666667 0.0673828125 0.052083333333333336
7 0.625 0.5227864583333334 0.0703125 0.06640625
1 0.80322265625 0.55078125 0.0751953125 0.0703125
0 0.24853515625 0.5872395833333334 0.0810546875 0.06770833333333333
0 0.13232421875 0.634765625 0.0888671875 0.06901041666666667
2 0.126953125 0.6393229166666666 0.12890625 0.09375
0 0.33642578125 0.6614583333333334 0.0849609375 0.07552083333333333
1 0.8349609375 0.6686197916666666 0.091796875 0.07682291666666667
1 0.73193359375 0.7259114583333334 0.0927734375 0.08203125
3 0.83837890625 0.7454427083333334 0.1279296875 0.10546875