4 0.32421875 0.3125 0.08837890625 0.0390625
0 0.78173828125 0.333984375 0.05322265625 0.029296875
5 0.78173828125 0.3365885416666667 0.08447265625 0.041666666666666664
0 0.70751953125 0.365234375 0.05322265625 0.03125
0 0.625 0.400390625 0.0546875 0.033203125
0 0.77880859375 0.4069010416666667 0.05712890625 0.036458333333333336
0 0.69677734375 0.4440104166666667 0.05712890625 0.036458333333333336
0 0.61181640625 0.4830729166666667 0.05712890625 0.037760416666666664
0 0.7734375 0.498046875 0.0625 0.041015625
0 0.525390625 0.5247395833333334 0.06103515625 0.041666666666666664
0 0.68896484375 0.5384114583333334 0.0625 0.041666666666666664
0 0.59619140625 0.5833333333333334 0.0625 0.045572916666666664
0 0.77685546875 0.6041666666666666 0.06640625 0.046875
2 0.162109375 0.6080729166666666 0.12353515625 0.07291666666666667
0 0.68212890625 0.6575520833333334 0.0703125 0.05078125
3 0.77001953125 0.6666666666666666 0.10791015625 0.08072916666666667