1 0.73828125 0.337890625 0.046875 0.03515625
1 0.48046875 0.3385416666666667 0.046875 0.032552083333333336
5 0.73974609375 0.345703125 0.078125 0.03515625
4 0.298828125 0.34765625 0.07666015625 0.033203125
1 0.283203125 0.3684895833333333 0.05078125 0.037109375
1 0.55029296875 0.3697916666666667 0.04833984375 0.036458333333333336
1 0.34521484375 0.4036458333333333 0.05224609375 0.0390625
1 0.75830078125 0.4036458333333333 0.05322265625 0.0390625
7 0.39892578125 0.5208333333333334 0.06103515625 0.044270833333333336
7 0.556640625 0.5221354166666666 0.05859375 0.046875
7 0.71484375 0.5247395833333334 0.0625 0.044921875
7 0.30908203125 0.5690104166666666 0.06640625 0.048828125
7 0.73291015625 0.6236979166666666 0.0703125 0.053385416666666664
7 0.20654296875 0.6282552083333334 0.07421875 0.053385416666666664
2 0.21337890625 0.6321614583333334 0.11962890625 0.06510416666666667
3 0.82666015625 0.6321614583333334 0.11474609375 0.06510416666666667