4 0.318359375 0.3658854166666667 0.07666015625 0.032552083333333336
0 0.70703125 0.3776041666666667 0.04443359375 0.022135416666666668
5 0.70849609375 0.380859375 0.0703125 0.033203125
0 0.64697265625 0.4016927083333333 0.046875 0.026041666666666668
0 0.580078125 0.4283854166666667 0.04541015625 0.02734375
0 0.70947265625 0.4309895833333333 0.046875 0.026041666666666668
0 0.64453125 0.4602864583333333 0.04931640625 0.028645833333333332
0 0.57373046875 0.490234375 0.04833984375 0.029296875
0 0.71240234375 0.4986979166666667 0.05224609375 0.029947916666666668
0 0.50341796875 0.5221354166666666 0.05078125 0.033203125
0 0.64306640625 0.5299479166666666 0.0546875 0.033203125
0 0.56591796875 0.5657552083333334 0.05322265625 0.036458333333333336
0 0.72021484375 0.578125 0.05712890625 0.0390625
2 0.19189453125 0.5911458333333334 0.11083984375 0.0546875
0 0.64501953125 0.6197916666666666 0.06103515625 0.041015625
3 0.72314453125 0.6276041666666666 0.09765625 0.06640625