1 0.755859375 0.2604166666666667 0.04833984375 0.0390625
1 0.47216796875 0.2610677083333333 0.05078125 0.033854166666666664
5 0.75537109375 0.26953125 0.08837890625 0.037109375
4 0.2734375 0.2740885416666667 0.0859375 0.036458333333333336
1 0.54736328125 0.2955729166666667 0.05322265625 0.037760416666666664
1 0.25634765625 0.296875 0.05712890625 0.041015625
1 0.77587890625 0.3307291666666667 0.05712890625 0.041666666666666664
1 0.32177734375 0.3333333333333333 0.05712890625 0.04296875
7 0.37939453125 0.4596354166666667 0.06640625 0.046875
7 0.55078125 0.4609375 0.0625 0.05078125
7 0.724609375 0.4622395833333333 0.06640625 0.048828125
7 0.28076171875 0.5104166666666666 0.07421875 0.049479166666666664
7 0.7421875 0.56640625 0.078125 0.05859375
7 0.16943359375 0.572265625 0.08349609375 0.0546875
2 0.17578125 0.5768229166666666 0.12744140625 0.06770833333333333
3 0.84619140625 0.5768229166666666 0.12255859375 0.06770833333333333