6 0.7158203125 0.427734375 0.0537109375 0.028645833333333332
6 0.47705078125 0.43359375 0.052734375 0.02734375
5 0.7158203125 0.4342447916666667 0.0791015625 0.03125
4 0.29052734375 0.4453125 0.0849609375 0.029947916666666668
6 0.73095703125 0.4759114583333333 0.0595703125 0.03125
6 0.470703125 0.478515625 0.056640625 0.02734375
6 0.59765625 0.48046875 0.060546875 0.03125
6 0.3388671875 0.4850260416666667 0.056640625 0.029947916666666668
6 0.3876953125 0.5052083333333334 0.0595703125 0.033854166666666664
6 0.2509765625 0.5104166666666666 0.0625 0.029947916666666668
0 0.76025390625 0.5299479166666666 0.0654296875 0.0390625
6 0.61181640625 0.5338541666666666 0.06640625 0.037760416666666664
6 0.30419921875 0.541015625 0.064453125 0.036458333333333336
0 0.69384765625 0.560546875 0.0673828125 0.040364583333333336
0 0.541015625 0.56640625 0.0673828125 0.040364583333333336
0 0.80712890625 0.6041666666666666 0.0810546875 0.048177083333333336
0 0.4599609375 0.60546875 0.0732421875 0.045572916666666664
0 0.2822265625 0.6106770833333334 0.076171875 0.044270833333333336
5 0.81982421875 0.6497395833333334 0.125 0.0625
0 0.73388671875 0.6497395833333334 0.078125 0.052083333333333336
0 0.3623046875 0.650390625 0.078125 0.049479166666666664
0 0.171875 0.6555989583333334 0.0830078125 0.048177083333333336
2 0.16650390625 0.662109375 0.1396484375 0.06380208333333333