1 0.740234375 0.21809895833333334 0.05322265625 0.040364583333333336
0 0.46142578125 0.22591145833333334 0.05078125 0.026041666666666668
0 0.59765625 0.22721354166666666 0.04931640625 0.028645833333333332
5 0.74072265625 0.22916666666666666 0.0859375 0.03515625
4 0.263671875 0.234375 0.08447265625 0.033203125
1 0.24560546875 0.2532552083333333 0.05615234375 0.040364583333333336
0 0.53564453125 0.2545572916666667 0.05078125 0.028645833333333332
0 0.67236328125 0.2545572916666667 0.05078125 0.028645833333333332
0 0.39013671875 0.2565104166666667 0.05322265625 0.029947916666666668
0 0.76416015625 0.2845052083333333 0.0625 0.033854166666666664
0 0.46630859375 0.287109375 0.0546875 0.03125
0 0.31298828125 0.2923177083333333 0.05615234375 0.029947916666666668
7 0.716796875 0.3984375 0.06640625 0.048828125
6 0.37353515625 0.4055989583333333 0.06787109375 0.037760416666666664
6 0.546875 0.4075520833333333 0.06494140625 0.040364583333333336
7 0.27197265625 0.4466145833333333 0.07275390625 0.05078125
6 0.45458984375 0.4498697916666667 0.06787109375 0.044270833333333336
7 0.740234375 0.4934895833333333 0.07958984375 0.057291666666666664
6 0.55224609375 0.50390625 0.07275390625 0.048828125
3 0.84326171875 0.50390625 0.12890625 0.064453125
7 0.158203125 0.5065104166666666 0.08740234375 0.05859375
2 0.16748046875 0.51171875 0.13134765625 0.06640625