0 0.439453125 0.29296875 0.05078125 0.03125
0 0.57373046875 0.2936197916666667 0.04833984375 0.032552083333333336
6 0.71337890625 0.2936197916666667 0.04931640625 0.028645833333333332
5 0.7109375 0.2955729166666667 0.0859375 0.0390625
4 0.24462890625 0.2994791666666667 0.08837890625 0.037760416666666664
1 0.22705078125 0.3235677083333333 0.05615234375 0.040364583333333336
0 0.50927734375 0.3255208333333333 0.05224609375 0.03125
0 0.64453125 0.326171875 0.04931640625 0.033203125
0 0.36865234375 0.3268229166666667 0.05224609375 0.033854166666666664
0 0.732421875 0.3606770833333333 0.05615234375 0.032552083333333336
0 0.44140625 0.3619791666666667 0.0546875 0.03515625
6 0.57958984375 0.365234375 0.05224609375 0.033203125
0 0.29296875 0.3658854166666667 0.05712890625 0.03515625
0 0.20458984375 0.40625 0.05712890625 0.0390625
7 0.68212890625 0.4830729166666667 0.06494140625 0.046875
6 0.34912109375 0.4928385416666667 0.0625 0.041666666666666664
6 0.51611328125 0.4928385416666667 0.06103515625 0.040364583333333336
7 0.25146484375 0.5377604166666666 0.0703125 0.048828125
6 0.42578125 0.5403645833333334 0.06494140625 0.044270833333333336
7 0.70068359375 0.5885416666666666 0.07275390625 0.05859375
6 0.51806640625 0.599609375 0.06787109375 0.048828125
3 0.79541015625 0.6009114583333334 0.11962890625 0.06901041666666667
0 0.13818359375 0.6061197916666666 0.07568359375 0.052083333333333336
2 0.14453125 0.6067708333333334 0.13037109375 0.072265625