1 0.71240234375 0.3541666666666667 0.04931640625 0.03515625
0 0.58203125 0.3606770833333333 0.046875 0.0234375
0 0.45654296875 0.3606770833333333 0.05078125 0.028645833333333332
5 0.712890625 0.3619791666666667 0.08203125 0.033203125
4 0.2734375 0.3671875 0.08056640625 0.033203125
1 0.2578125 0.3860677083333333 0.05224609375 0.037760416666666664
0 0.52490234375 0.3880208333333333 0.04931640625 0.02734375
0 0.65087890625 0.3880208333333333 0.05224609375 0.02734375
0 0.39208984375 0.3893229166666667 0.05224609375 0.029296875
0 0.73486328125 0.4173177083333333 0.05322265625 0.029947916666666668
0 0.46044921875 0.4205729166666667 0.05322265625 0.029947916666666668
0 0.32177734375 0.4244791666666667 0.05224609375 0.029947916666666668
7 0.69580078125 0.5305989583333334 0.06103515625 0.044270833333333336
6 0.376953125 0.5364583333333334 0.05859375 0.037760416666666664
6 0.53759765625 0.5364583333333334 0.06005859375 0.040364583333333336
7 0.28271484375 0.5774739583333334 0.06787109375 0.048177083333333336
6 0.451171875 0.580078125 0.06396484375 0.04296875
7 0.71875 0.6256510416666666 0.07275390625 0.053385416666666664
6 0.54443359375 0.6341145833333334 0.06787109375 0.046875
3 0.814453125 0.6341145833333334 0.11865234375 0.06640625
7 0.17626953125 0.6354166666666666 0.07958984375 0.055989583333333336
2 0.18212890625 0.6412760416666666 0.12255859375 0.06510416666666667