4 0.31396484375 0.39453125 0.0751953125 0.041666666666666664
6 0.4853515625 0.404296875 0.046875 0.029947916666666668
1 0.60107421875 0.4134114583333333 0.0537109375 0.040364583333333336
6 0.716796875 0.4212239583333333 0.05078125 0.032552083333333336
5 0.71435546875 0.4264322916666667 0.0712890625 0.037760416666666664
6 0.35400390625 0.45703125 0.0498046875 0.033854166666666664
7 0.47607421875 0.4615885416666667 0.0537109375 0.04296875
6 0.27783203125 0.4830729166666667 0.0556640625 0.036458333333333336
7 0.39990234375 0.4876302083333333 0.0595703125 0.04296875
0 0.52685546875 0.5 0.0537109375 0.036458333333333336
6 0.32275390625 0.5227864583333334 0.0537109375 0.037760416666666664
7 0.59716796875 0.5403645833333334 0.0576171875 0.046875
1 0.734375 0.5553385416666666 0.0625 0.048177083333333336
0 0.30615234375 0.6009114583333334 0.0576171875 0.04296875
1 0.75537109375 0.6380208333333334 0.0654296875 0.0546875
0 0.216796875 0.638671875 0.0625 0.048177083333333336
2 0.212890625 0.6438802083333334 0.10546875 0.06380208333333333
0 0.3720703125 0.65234375 0.064453125 0.046875
1 0.67236328125 0.6796875 0.0654296875 0.0546875
3 0.75390625 0.6946614583333334 0.095703125 0.06640625