0 0.34521484375 0.4283854166666667 0.04443359375 0.0234375
0 0.45947265625 0.4283854166666667 0.04443359375 0.0234375
0 0.69384765625 0.4290364583333333 0.04443359375 0.022135416666666668
0 0.57568359375 0.4309895833333333 0.04150390625 0.021484375
4 0.28759765625 0.4329427083333333 0.07568359375 0.028645833333333332
5 0.69580078125 0.4329427083333333 0.07421875 0.026041666666666668
0 0.27392578125 0.4524739583333333 0.04833984375 0.024739583333333332
0 0.521484375 0.4537760416666667 0.04541015625 0.024739583333333332
0 0.39892578125 0.4544270833333333 0.04541015625 0.025390625
0 0.64013671875 0.4544270833333333 0.04541015625 0.0234375
0 0.45751953125 0.4798177083333333 0.04541015625 0.026041666666666668
0 0.33203125 0.4817708333333333 0.04931640625 0.025390625
0 0.71484375 0.4817708333333333 0.046875 0.025390625
0 0.5859375 0.4817708333333333 0.046875 0.026041666666666668
6 0.384765625 0.5813802083333334 0.05615234375 0.033854166666666664
6 0.67822265625 0.58203125 0.05712890625 0.03515625
6 0.53369140625 0.5833333333333334 0.05712890625 0.03515625
6 0.23046875 0.5833333333333334 0.06005859375 0.033854166666666664
6 0.296875 0.6236979166666666 0.06005859375 0.037760416666666664
6 0.45556640625 0.6236979166666666 0.05712890625 0.037760416666666664
6 0.77783203125 0.6243489583333334 0.06103515625 0.037760416666666664
6 0.61669921875 0.6256510416666666 0.05859375 0.037760416666666664
6 0.703125 0.6705729166666666 0.06494140625 0.041666666666666664
6 0.37060546875 0.6731770833333334 0.06103515625 0.04296875
6 0.54443359375 0.673828125 0.06005859375 0.044921875
6 0.19677734375 0.6744791666666666 0.06787109375 0.04296875
3 0.79541015625 0.67578125 0.11181640625 0.056640625
2 0.19775390625 0.6770833333333334 0.1171875 0.057291666666666664