0 0.30419921875 0.3522135416666667 0.0517578125 0.03515625
4 0.2470703125 0.3580729166666667 0.076171875 0.046875
0 0.67236328125 0.3580729166666667 0.0498046875 0.036458333333333336
0 0.55078125 0.3600260416666667 0.05078125 0.03515625
5 0.67431640625 0.3606770833333333 0.0751953125 0.046875
0 0.232421875 0.3899739583333333 0.0546875 0.03515625
0 0.6171875 0.39453125 0.052734375 0.036458333333333336
0 0.49072265625 0.396484375 0.0517578125 0.037760416666666664
0 0.4287109375 0.4342447916666667 0.0546875 0.037760416666666664
0 0.30078125 0.439453125 0.060546875 0.040364583333333336
6 0.63525390625 0.4694010416666667 0.0576171875 0.040364583333333336
6 0.3623046875 0.474609375 0.0546875 0.040364583333333336
0 0.2275390625 0.4759114583333333 0.060546875 0.040364583333333336
6 0.7060546875 0.5149739583333334 0.05859375 0.04296875
6 0.57666015625 0.5201822916666666 0.0595703125 0.040364583333333336
6 0.6376953125 0.5611979166666666 0.060546875 0.044270833333333336
6 0.36474609375 0.564453125 0.0595703125 0.04296875
6 0.49951171875 0.568359375 0.0576171875 0.04296875
6 0.21728515625 0.5696614583333334 0.0634765625 0.045572916666666664
3 0.73291015625 0.6725260416666666 0.0927734375 0.06640625
6 0.5029296875 0.6790364583333334 0.064453125 0.048177083333333336
6 0.189453125 0.681640625 0.06640625 0.05078125
2 0.193359375 0.681640625 0.1015625 0.07161458333333333