6 0.51171875 0.3372395833333333 0.046875 0.025390625
4 0.33349609375 0.3385416666666667 0.08349609375 0.033854166666666664
6 0.64404296875 0.34375 0.04833984375 0.025390625
5 0.76904296875 0.3502604166666667 0.07666015625 0.033854166666666664
6 0.56005859375 0.3697916666666667 0.04931640625 0.026041666666666668
6 0.49267578125 0.3977864583333333 0.05078125 0.029947916666666668
6 0.62744140625 0.4010416666666667 0.05224609375 0.029296875
6 0.56201171875 0.4296875 0.05322265625 0.03125
6 0.47265625 0.4596354166666667 0.05712890625 0.033203125
6 0.61572265625 0.4661458333333333 0.06005859375 0.03515625
6 0.52587890625 0.50390625 0.06005859375 0.037109375
6 0.44091796875 0.5416666666666666 0.06396484375 0.041015625
6 0.609375 0.548828125 0.06494140625 0.041015625
2 0.16943359375 0.5768229166666666 0.12744140625 0.05859375
6 0.51123046875 0.5963541666666666 0.06884765625 0.046875
3 0.787109375 0.6158854166666666 0.11083984375 0.06770833333333333