7 0.72021484375 0.2962239583333333 0.05224609375 0.036458333333333336
0 0.58544921875 0.3040364583333333 0.04833984375 0.028645833333333332
0 0.453125 0.3046875 0.04931640625 0.029296875
5 0.724609375 0.3053385416666667 0.08203125 0.037760416666666664
4 0.26513671875 0.3131510416666667 0.07958984375 0.036458333333333336
0 0.65771484375 0.3346354166666667 0.04931640625 0.029947916666666668
1 0.24658203125 0.3346354166666667 0.05078125 0.037109375
0 0.52490234375 0.3346354166666667 0.05224609375 0.03125
0 0.38671875 0.3385416666666667 0.04931640625 0.033203125
0 0.74462890625 0.3671875 0.05224609375 0.03125
0 0.45654296875 0.3723958333333333 0.05322265625 0.03125
0 0.31298828125 0.376953125 0.05322265625 0.033203125
7 0.69482421875 0.4856770833333333 0.06103515625 0.048177083333333336
6 0.37060546875 0.4973958333333333 0.06103515625 0.037760416666666664
6 0.53125 0.498046875 0.05712890625 0.0390625
7 0.275390625 0.5403645833333334 0.06640625 0.049479166666666664
6 0.44482421875 0.5423177083333334 0.06103515625 0.041666666666666664
7 0.712890625 0.5865885416666666 0.07177734375 0.057291666666666664
6 0.53564453125 0.5989583333333334 0.06640625 0.045572916666666664
3 0.80859375 0.6002604166666666 0.1171875 0.06510416666666667
1 0.166015625 0.6022135416666666 0.06884765625 0.053385416666666664
2 0.17919921875 0.6067708333333334 0.11572265625 0.06770833333333333