6 0.71875 0.302734375 0.05078125 0.032552083333333336
5 0.71533203125 0.3053385416666667 0.0712890625 0.040364583333333336
1 0.60302734375 0.3125 0.0537109375 0.041666666666666664
6 0.48828125 0.3216145833333333 0.046875 0.03125
4 0.31201171875 0.3424479166666667 0.0751953125 0.0390625
7 0.47607421875 0.3802083333333333 0.0537109375 0.044270833333333336
6 0.35791015625 0.396484375 0.0498046875 0.03515625
0 0.53173828125 0.4134114583333333 0.0537109375 0.037760416666666664
7 0.40185546875 0.41796875 0.0595703125 0.044270833333333336
1 0.73876953125 0.4309895833333333 0.0615234375 0.049479166666666664
6 0.27978515625 0.4342447916666667 0.0556640625 0.037760416666666664
7 0.60205078125 0.4407552083333333 0.0576171875 0.048177083333333336
6 0.32763671875 0.46875 0.0537109375 0.0390625
1 0.75927734375 0.5084635416666666 0.0654296875 0.055989583333333336
0 0.30908203125 0.5494791666666666 0.0576171875 0.044270833333333336
1 0.677734375 0.5657552083333334 0.064453125 0.055989583333333336
3 0.7578125 0.5670572916666666 0.095703125 0.06901041666666667
0 0.3740234375 0.5891927083333334 0.064453125 0.048177083333333336
0 0.220703125 0.6015625 0.0625 0.049479166666666664
2 0.216796875 0.6061197916666666 0.10546875 0.06640625