1 0.71337890625 0.3307291666666667 0.04931640625 0.03515625
5 0.71435546875 0.3372395833333333 0.08447265625 0.040364583333333336
4 0.2734375 0.3606770833333333 0.078125 0.041015625
1 0.53466796875 0.3697916666666667 0.05322265625 0.037109375
1 0.54541015625 0.4407552083333333 0.05712890625 0.040364583333333336
1 0.62939453125 0.4713541666666667 0.05859375 0.041666666666666664
1 0.47705078125 0.4817708333333333 0.05859375 0.044270833333333336
3 0.84375 0.6126302083333334 0.1171875 0.06770833333333333
1 0.23486328125 0.6432291666666666 0.06884765625 0.0546875
2 0.24072265625 0.650390625 0.11181640625 0.072265625
1 0.21630859375 0.6790364583333334 0.03662109375 0.0026041666666666665