0 0.2939453125 0.3209635416666667 0.0546875 0.032552083333333336
0 0.685546875 0.3274739583333333 0.052734375 0.033854166666666664
4 0.23681640625 0.328125 0.0849609375 0.041666666666666664
5 0.69091796875 0.3294270833333333 0.083984375 0.037760416666666664
0 0.5556640625 0.3294270833333333 0.052734375 0.036458333333333336
0 0.216796875 0.3528645833333333 0.0556640625 0.036458333333333336
0 0.62646484375 0.359375 0.0556640625 0.036458333333333336
0 0.48974609375 0.361328125 0.0537109375 0.037760416666666664
0 0.42138671875 0.3932291666666667 0.0576171875 0.0390625
0 0.28076171875 0.396484375 0.0615234375 0.037760416666666664
6 0.6474609375 0.423828125 0.0625 0.0390625
6 0.35009765625 0.4296875 0.0615234375 0.040364583333333336
0 0.19970703125 0.4309895833333333 0.0634765625 0.0390625
6 0.72705078125 0.4694010416666667 0.0654296875 0.041666666666666664
6 0.57861328125 0.4720052083333333 0.064453125 0.041666666666666664
6 0.6494140625 0.5104166666666666 0.06640625 0.04296875
6 0.34326171875 0.5143229166666666 0.072265625 0.044270833333333336
6 0.4931640625 0.515625 0.06640625 0.045572916666666664
6 0.17431640625 0.517578125 0.072265625 0.045572916666666664
3 0.7646484375 0.6217447916666666 0.1162109375 0.0703125
6 0.4921875 0.626953125 0.0751953125 0.0546875
6 0.12548828125 0.62890625 0.0791015625 0.0546875
2 0.13134765625 0.6302083333333334 0.1220703125 0.07291666666666667