7 0.7978515625 0.255859375 0.076171875 0.053385416666666664
5 0.79443359375 0.2604166666666667 0.1123046875 0.0625
4 0.22119140625 0.27734375 0.1083984375 0.059895833333333336
1 0.20556640625 0.3092447916666667 0.0791015625 0.055989583333333336
1 0.47265625 0.35546875 0.0849609375 0.06640625
7 0.5673828125 0.3984375 0.080078125 0.06640625
7 0.66650390625 0.4537760416666667 0.087890625 0.06770833333333333
1 0.78369140625 0.5143229166666666 0.1064453125 0.07291666666666667
1 0.58056640625 0.5221354166666666 0.091796875 0.07291666666666667
7 0.3779296875 0.5319010416666666 0.095703125 0.07161458333333333
3 0.93212890625 0.6666666666666666 0.1337890625 0.10416666666666667
7 0.1220703125 0.69921875 0.1201171875 0.08333333333333333
2 0.1328125 0.701171875 0.1640625 0.11067708333333333