6 0.7724609375 0.20052083333333334 0.0625 0.041666666666666664
5 0.77001953125 0.20442708333333334 0.0966796875 0.049479166666666664
1 0.62548828125 0.21028645833333334 0.0595703125 0.055989583333333336
6 0.47412109375 0.21940104166666666 0.0615234375 0.04296875
4 0.24560546875 0.24674479166666666 0.0947265625 0.055989583333333336
7 0.46826171875 0.3001302083333333 0.0654296875 0.053385416666666664
6 0.3095703125 0.3268229166666667 0.064453125 0.044270833333333336
0 0.541015625 0.3450520833333333 0.064453125 0.049479166666666664
7 0.3740234375 0.35546875 0.07421875 0.052083333333333336
6 0.2119140625 0.3723958333333333 0.068359375 0.046875
1 0.818359375 0.3756510416666667 0.076171875 0.06640625
7 0.6396484375 0.3880208333333333 0.068359375 0.057291666666666664
6 0.2802734375 0.4244791666666667 0.068359375 0.049479166666666664
1 0.85595703125 0.4869791666666667 0.0927734375 0.07291666666666667
0 0.267578125 0.5345052083333334 0.08203125 0.06380208333333333
3 0.859375 0.564453125 0.130859375 0.08984375
1 0.75244140625 0.5716145833333334 0.0947265625 0.078125
0 0.3564453125 0.591796875 0.0859375 0.07161458333333333
0 0.15234375 0.6067708333333334 0.08984375 0.06510416666666667
2 0.1455078125 0.6145833333333334 0.1328125 0.09375