6 0.73876953125 0.390625 0.04833984375 0.025390625
4 0.32373046875 0.3919270833333333 0.08203125 0.028645833333333332
6 0.60400390625 0.39453125 0.046875 0.0234375
5 0.73388671875 0.3958333333333333 0.07177734375 0.029296875
6 0.673828125 0.4153645833333333 0.05078125 0.02734375
6 0.60498046875 0.4401041666666667 0.05078125 0.026041666666666668
6 0.74609375 0.4420572916666667 0.0546875 0.028645833333333332
6 0.67333984375 0.4700520833333333 0.0546875 0.029947916666666668
6 0.595703125 0.498046875 0.05615234375 0.033203125
6 0.75 0.5071614583333334 0.06005859375 0.032552083333333336
6 0.66748046875 0.5319010416666666 0.05859375 0.036458333333333336
6 0.59375 0.5716145833333334 0.0625 0.037760416666666664
6 0.75341796875 0.5794270833333334 0.06640625 0.037760416666666664
2 0.17919921875 0.60546875 0.11865234375 0.0546875
6 0.67041015625 0.6263020833333334 0.06787109375 0.04296875
3 0.76123046875 0.6282552083333334 0.10791015625 0.061197916666666664