5 0.66748046875 0.3001302083333333 0.08447265625 0.041666666666666664
6 0.55078125 0.3059895833333333 0.04931640625 0.029296875
6 0.41455078125 0.3125 0.04833984375 0.029296875
4 0.224609375 0.3346354166666667 0.08203125 0.045572916666666664
6 0.486328125 0.345703125 0.05078125 0.03125
6 0.57470703125 0.375 0.05322265625 0.033203125
6 0.44091796875 0.3880208333333333 0.05322265625 0.033854166666666664
6 0.52978515625 0.4166666666666667 0.0546875 0.036458333333333336
6 0.60498046875 0.44921875 0.05615234375 0.037109375
6 0.46484375 0.4635416666666667 0.05712890625 0.037760416666666664
6 0.54833984375 0.5045572916666666 0.06005859375 0.040364583333333336
6 0.65234375 0.5403645833333334 0.06494140625 0.041015625
6 0.49267578125 0.560546875 0.06396484375 0.044921875
3 0.83349609375 0.580078125 0.11962890625 0.0703125
6 0.59423828125 0.607421875 0.06640625 0.046875
2 0.24609375 0.6477864583333334 0.109375 0.08072916666666667