0 0.40771484375 0.3287760416666667 0.04443359375 0.026041666666666668
4 0.35498046875 0.3307291666666667 0.08203125 0.037760416666666664
0 0.52099609375 0.3372395833333333 0.04443359375 0.025390625
0 0.767578125 0.3528645833333333 0.05078125 0.02734375
5 0.76708984375 0.35546875 0.07568359375 0.0390625
0 0.33251953125 0.3561197916666667 0.04541015625 0.028645833333333332
0 0.453125 0.3619791666666667 0.046875 0.028645833333333332
0 0.376953125 0.392578125 0.04541015625 0.03125
0 0.42529296875 0.4264322916666667 0.04833984375 0.029947916666666668
0 0.34375 0.4557291666666667 0.05224609375 0.032552083333333336
0 0.478515625 0.4654947916666667 0.05078125 0.032552083333333336
0 0.39892578125 0.4934895833333333 0.05322265625 0.033854166666666664
0 0.453125 0.5481770833333334 0.05712890625 0.0390625
0 0.20654296875 0.5709635416666666 0.06103515625 0.041666666666666664
2 0.212890625 0.576171875 0.11328125 0.060546875
3 0.75732421875 0.6295572916666666 0.09765625 0.06901041666666667