5 0.64697265625 0.22395833333333334 0.09130859375 0.041666666666666664
6 0.52294921875 0.22526041666666666 0.05078125 0.028645833333333332
6 0.38037109375 0.22786458333333334 0.05224609375 0.029296875
4 0.17626953125 0.244140625 0.08740234375 0.04296875
6 0.453125 0.2610677083333333 0.0546875 0.032552083333333336
6 0.54296875 0.29296875 0.0546875 0.033203125
6 0.40185546875 0.3020833333333333 0.05859375 0.033854166666666664
6 0.49365234375 0.33203125 0.05712890625 0.03515625
6 0.5703125 0.3658854166666667 0.06005859375 0.037760416666666664
6 0.42138671875 0.3756510416666667 0.06103515625 0.037760416666666664
6 0.50732421875 0.4192708333333333 0.06396484375 0.041015625
6 0.61279296875 0.4557291666666667 0.06640625 0.041666666666666664
6 0.44287109375 0.4733072916666667 0.06787109375 0.045572916666666664
3 0.79931640625 0.5006510416666666 0.12255859375 0.06901041666666667
6 0.546875 0.5208333333333334 0.0703125 0.048828125
2 0.169921875 0.5533854166666666 0.11865234375 0.08333333333333333