0 0.46337890625 0.39453125 0.046875 0.021484375
0 0.58935546875 0.396484375 0.04541015625 0.0234375
4 0.27734375 0.3971354166666667 0.0859375 0.029947916666666668
6 0.720703125 0.3997395833333333 0.04833984375 0.0234375
5 0.72265625 0.40234375 0.08349609375 0.03125
1 0.26220703125 0.4140625 0.05322265625 0.0390625
0 0.396484375 0.419921875 0.05078125 0.0234375
0 0.533203125 0.4205729166666667 0.05078125 0.026041666666666668
0 0.66064453125 0.423828125 0.05078125 0.02734375
0 0.46826171875 0.4485677083333333 0.05859375 0.029947916666666668
0 0.32177734375 0.4505208333333333 0.0546875 0.03125
0 0.74560546875 0.451171875 0.05615234375 0.02734375
6 0.60107421875 0.4518229166666667 0.05078125 0.02734375
0 0.236328125 0.4811197916666667 0.05859375 0.033854166666666664
7 0.71142578125 0.5494791666666666 0.06396484375 0.049479166666666664
6 0.37890625 0.5540364583333334 0.06494140625 0.037760416666666664
6 0.54638671875 0.5572916666666666 0.06103515625 0.037760416666666664
7 0.27783203125 0.5911458333333334 0.07177734375 0.048828125
6 0.45703125 0.5963541666666666 0.06494140625 0.041666666666666664
7 0.740234375 0.640625 0.07421875 0.0625
6 0.55322265625 0.650390625 0.06787109375 0.046875
0 0.15673828125 0.6529947916666666 0.07666015625 0.049479166666666664
2 0.16650390625 0.6549479166666666 0.13525390625 0.06640625
3 0.84130859375 0.65625 0.12744140625 0.064453125