7 0.68798828125 0.3346354166666667 0.0595703125 0.044270833333333336
4 0.2578125 0.3391927083333333 0.076171875 0.040364583333333336
5 0.68310546875 0.3411458333333333 0.0771484375 0.044270833333333336
1 0.244140625 0.3645833333333333 0.056640625 0.044270833333333336
1 0.43310546875 0.4049479166666667 0.0595703125 0.044270833333333336
7 0.4921875 0.4440104166666667 0.0625 0.046875
7 0.5556640625 0.4856770833333333 0.060546875 0.052083333333333336
7 0.34619140625 0.53125 0.0673828125 0.049479166666666664
1 0.4853515625 0.5345052083333334 0.0625 0.05078125
1 0.63427734375 0.5358072916666666 0.0634765625 0.05078125
1 0.56005859375 0.583984375 0.064453125 0.055989583333333336
7 0.17236328125 0.6315104166666666 0.0712890625 0.0546875
2 0.1767578125 0.6341145833333334 0.1015625 0.06510416666666667
3 0.72265625 0.64453125 0.1005859375 0.06510416666666667