0 0.74365234375 0.3092447916666667 0.04931640625 0.029947916666666668
5 0.74365234375 0.3111979166666667 0.08056640625 0.037109375
4 0.28662109375 0.3177083333333333 0.0859375 0.0390625
0 0.68017578125 0.3411458333333333 0.05078125 0.029947916666666668
0 0.75732421875 0.3743489583333333 0.05615234375 0.032552083333333336
0 0.60888671875 0.3802083333333333 0.05322265625 0.032552083333333336
0 0.68798828125 0.4153645833333333 0.05615234375 0.03515625
0 0.61474609375 0.45703125 0.05712890625 0.037109375
0 0.77490234375 0.4583333333333333 0.06005859375 0.037760416666666664
0 0.53955078125 0.5026041666666666 0.06103515625 0.040364583333333336
0 0.70166015625 0.5026041666666666 0.0625 0.041015625
0 0.62158203125 0.5520833333333334 0.06396484375 0.04296875
0 0.80126953125 0.5559895833333334 0.06640625 0.044270833333333336
0 0.72412109375 0.6119791666666666 0.06787109375 0.048177083333333336
3 0.80908203125 0.6126302083333334 0.11328125 0.06770833333333333
2 0.18359375 0.61328125 0.12255859375 0.06640625