4 0.23681640625 0.3020833333333333 0.0849609375 0.0390625
6 0.43310546875 0.3098958333333333 0.0517578125 0.03125
1 0.5615234375 0.3157552083333333 0.0546875 0.040364583333333336
6 0.68603515625 0.3235677083333333 0.0546875 0.03125
5 0.6845703125 0.328125 0.080078125 0.037760416666666664
6 0.28857421875 0.365234375 0.0576171875 0.03515625
7 0.4228515625 0.3665364583333333 0.060546875 0.046875
6 0.197265625 0.3932291666666667 0.0625 0.0390625
7 0.34033203125 0.39453125 0.0673828125 0.046875
0 0.484375 0.408203125 0.05859375 0.037760416666666664
6 0.25537109375 0.4375 0.0673828125 0.041666666666666664
7 0.56689453125 0.4485677083333333 0.0634765625 0.05078125
1 0.716796875 0.4583333333333333 0.072265625 0.053385416666666664
0 0.2353515625 0.5247395833333334 0.0712890625 0.048177083333333336
1 0.74609375 0.544921875 0.0712890625 0.055989583333333336
0 0.1328125 0.5690104166666666 0.0751953125 0.05078125
2 0.12646484375 0.5735677083333334 0.125 0.06640625
0 0.3125 0.5768229166666666 0.072265625 0.053385416666666664
0 0.65966796875 0.5944010416666666 0.0732421875 0.061197916666666664
3 0.75 0.60546875 0.111328125 0.06901041666666667