5 0.75732421875 0.271484375 0.0849609375 0.05859375
0 0.75341796875 0.2740885416666667 0.0615234375 0.045572916666666664
0 0.47265625 0.28125 0.056640625 0.044270833333333336
0 0.60595703125 0.2825520833333333 0.0595703125 0.044270833333333336
0 0.326171875 0.2897135416666667 0.05859375 0.04296875
4 0.2607421875 0.2994791666666667 0.0859375 0.059895833333333336
0 0.6826171875 0.3209635416666667 0.060546875 0.045572916666666664
0 0.53271484375 0.330078125 0.0615234375 0.048177083333333336
0 0.3984375 0.3326822916666667 0.0625 0.045572916666666664
0 0.2451171875 0.337890625 0.0625 0.045572916666666664
0 0.767578125 0.3717447916666667 0.064453125 0.05078125
0 0.61083984375 0.3736979166666667 0.0654296875 0.049479166666666664
0 0.462890625 0.3776041666666667 0.060546875 0.046875
0 0.31640625 0.3802083333333333 0.068359375 0.049479166666666664
6 0.6962890625 0.5260416666666666 0.06640625 0.052083333333333336
6 0.53466796875 0.5364583333333334 0.0673828125 0.052083333333333336
6 0.37890625 0.537109375 0.068359375 0.053385416666666664
6 0.20556640625 0.5494791666666666 0.0693359375 0.0546875
6 0.78759765625 0.5885416666666666 0.0712890625 0.057291666666666664
6 0.61083984375 0.5963541666666666 0.0673828125 0.0546875
6 0.439453125 0.5970052083333334 0.072265625 0.055989583333333336
6 0.27587890625 0.60546875 0.0732421875 0.0546875
3 0.7919921875 0.6484375 0.1044921875 0.08203125
6 0.70849609375 0.65625 0.0732421875 0.059895833333333336
6 0.52099609375 0.666015625 0.0712890625 0.05859375
6 0.353515625 0.66796875 0.07421875 0.057291666666666664
2 0.18212890625 0.6731770833333334 0.1123046875 0.08333333333333333
6 0.17578125 0.6751302083333334 0.07421875 0.05859375