6 0.443359375 0.4466145833333333 0.04541015625 0.0234375
6 0.6875 0.4466145833333333 0.046875 0.0234375
6 0.56640625 0.4479166666666667 0.04443359375 0.024739583333333332
6 0.32861328125 0.4485677083333333 0.04833984375 0.024739583333333332
4 0.26220703125 0.451171875 0.07666015625 0.02734375
5 0.685546875 0.4518229166666667 0.07421875 0.028645833333333332
6 0.38232421875 0.47265625 0.04833984375 0.025390625
6 0.25341796875 0.4733072916666667 0.05078125 0.026041666666666668
6 0.50927734375 0.4739583333333333 0.046875 0.024739583333333332
6 0.63525390625 0.4752604166666667 0.046875 0.025390625
6 0.314453125 0.501953125 0.05078125 0.02734375
6 0.44384765625 0.501953125 0.04931640625 0.02734375
6 0.70849609375 0.501953125 0.05224609375 0.02734375
6 0.576171875 0.50390625 0.05078125 0.02734375
0 0.20458984375 0.6061197916666666 0.06005859375 0.037760416666666664
0 0.36376953125 0.6061197916666666 0.05859375 0.037760416666666664
0 0.673828125 0.6061197916666666 0.05615234375 0.036458333333333336
0 0.5234375 0.6067708333333334 0.0625 0.036458333333333336
0 0.60595703125 0.6484375 0.06396484375 0.041015625
0 0.77685546875 0.6497395833333334 0.06396484375 0.040364583333333336
0 0.27734375 0.6510416666666666 0.06787109375 0.041015625
0 0.439453125 0.6516927083333334 0.06396484375 0.040364583333333336
0 0.70458984375 0.6998697916666666 0.0703125 0.048177083333333336
0 0.53173828125 0.7005208333333334 0.06884765625 0.046875
0 0.35205078125 0.7018229166666666 0.06884765625 0.045572916666666664
3 0.787109375 0.7018229166666666 0.11572265625 0.059895833333333336
0 0.16796875 0.7024739583333334 0.07275390625 0.045572916666666664
2 0.16748046875 0.7063802083333334 0.12109375 0.059895833333333336