0 0.70556640625 0.3307291666666667 0.046875 0.025390625
0 0.45654296875 0.3313802083333333 0.04833984375 0.026041666666666668
0 0.33740234375 0.33203125 0.04931640625 0.025390625
0 0.580078125 0.3326822916666667 0.04541015625 0.026041666666666668
5 0.70654296875 0.3346354166666667 0.07666015625 0.032552083333333336
4 0.27734375 0.3372395833333333 0.07568359375 0.033203125
0 0.64794921875 0.3606770833333333 0.04833984375 0.02734375
0 0.26318359375 0.3606770833333333 0.04931640625 0.028645833333333332
0 0.5234375 0.3606770833333333 0.046875 0.028645833333333332
0 0.39404296875 0.3626302083333333 0.05078125 0.028645833333333332
0 0.45654296875 0.3919270833333333 0.04833984375 0.029947916666666668
0 0.724609375 0.3919270833333333 0.04833984375 0.029947916666666668
0 0.59033203125 0.3938802083333333 0.05078125 0.029947916666666668
0 0.32470703125 0.39453125 0.05078125 0.029296875
6 0.3828125 0.5052083333333334 0.0546875 0.037109375
6 0.68212890625 0.505859375 0.05712890625 0.037109375
6 0.53369140625 0.5071614583333334 0.0546875 0.036458333333333336
6 0.22607421875 0.5078125 0.05859375 0.037109375
6 0.29443359375 0.5494791666666666 0.05712890625 0.0390625
6 0.45556640625 0.5514322916666666 0.05712890625 0.040364583333333336
6 0.77978515625 0.5520833333333334 0.0625 0.041015625
6 0.61669921875 0.5533854166666666 0.06103515625 0.040364583333333336
6 0.70361328125 0.599609375 0.06396484375 0.044921875
6 0.37158203125 0.6028645833333334 0.06396484375 0.044270833333333336
3 0.79443359375 0.603515625 0.10693359375 0.05859375
6 0.54345703125 0.6041666666666666 0.06103515625 0.045572916666666664
6 0.19775390625 0.60546875 0.06787109375 0.046875
2 0.201171875 0.6067708333333334 0.11328125 0.061197916666666664