0 0.44970703125 0.3619791666666667 0.04541015625 0.026041666666666668
0 0.57958984375 0.3626302083333333 0.04443359375 0.022135416666666668
6 0.71337890625 0.3645833333333333 0.04931640625 0.0234375
4 0.265625 0.3658854166666667 0.0859375 0.029947916666666668
5 0.712890625 0.3665364583333333 0.08740234375 0.029947916666666668
1 0.248046875 0.384765625 0.05322265625 0.0390625
0 0.38427734375 0.388671875 0.04931640625 0.029296875
0 0.52099609375 0.3893229166666667 0.046875 0.026041666666666668
0 0.65185546875 0.3899739583333333 0.04833984375 0.026041666666666668
0 0.73779296875 0.4173177083333333 0.05615234375 0.028645833333333332
0 0.45556640625 0.4192708333333333 0.0546875 0.029947916666666668
0 0.31396484375 0.419921875 0.0546875 0.029296875
6 0.59033203125 0.421875 0.05322265625 0.02734375
0 0.22509765625 0.4524739583333333 0.06005859375 0.032552083333333336
7 0.70068359375 0.5208333333333334 0.0625 0.045572916666666664
6 0.36669921875 0.5286458333333334 0.06396484375 0.037109375
6 0.53369140625 0.5305989583333334 0.0625 0.036458333333333336
7 0.267578125 0.5670572916666666 0.07177734375 0.048177083333333336
6 0.44384765625 0.5716145833333334 0.0625 0.041666666666666664
7 0.72705078125 0.6158854166666666 0.07421875 0.055989583333333336
6 0.54248046875 0.6263020833333334 0.07177734375 0.046875
3 0.82958984375 0.6302083333333334 0.12744140625 0.064453125
0 0.14892578125 0.6302083333333334 0.07666015625 0.045572916666666664
2 0.158203125 0.630859375 0.13671875 0.06640625