4 0.296875 0.28515625 0.09375 0.049479166666666664
1 0.75146484375 0.3131510416666667 0.0615234375 0.053385416666666664
5 0.74658203125 0.3229166666666667 0.0830078125 0.052083333333333336
1 0.4130859375 0.3274739583333333 0.0634765625 0.049479166666666664
1 0.3330078125 0.359375 0.0634765625 0.053385416666666664
1 0.4736328125 0.3756510416666667 0.064453125 0.052083333333333336
7 0.60400390625 0.3828125 0.0673828125 0.0546875
7 0.3955078125 0.4055989583333333 0.064453125 0.053385416666666664
7 0.4462890625 0.451171875 0.0703125 0.053385416666666664
1 0.50634765625 0.5065104166666666 0.0703125 0.0546875
2 0.16552734375 0.57421875 0.1220703125 0.0703125
7 0.169921875 0.5748697916666666 0.0810546875 0.057291666666666664
1 0.748046875 0.58984375 0.078125 0.06380208333333333
3 0.7412109375 0.6451822916666666 0.1103515625 0.08333333333333333