1 0.76806640625 0.2955729166666667 0.05224609375 0.041666666666666664
0 0.625 0.3033854166666667 0.0546875 0.032552083333333336
0 0.48876953125 0.3033854166666667 0.05078125 0.033203125
5 0.76904296875 0.3046875 0.08740234375 0.041015625
4 0.294921875 0.3111979166666667 0.08447265625 0.041015625
0 0.56396484375 0.3359375 0.0546875 0.03125
0 0.701171875 0.3365885416666667 0.05615234375 0.032552083333333336
1 0.27880859375 0.3372395833333333 0.05712890625 0.041666666666666664
0 0.42041015625 0.3391927083333333 0.0546875 0.033854166666666664
0 0.78857421875 0.3723958333333333 0.06103515625 0.036458333333333336
0 0.49365234375 0.3763020833333333 0.0546875 0.036458333333333336
0 0.34716796875 0.3815104166666667 0.05615234375 0.037109375
7 0.73779296875 0.5065104166666666 0.06640625 0.048177083333333336
6 0.40576171875 0.51171875 0.06103515625 0.04296875
6 0.572265625 0.5130208333333334 0.06103515625 0.04296875
7 0.30908203125 0.5572916666666666 0.07177734375 0.05078125
6 0.482421875 0.5611979166666666 0.06396484375 0.044270833333333336
7 0.755859375 0.6126302083333334 0.07666015625 0.057291666666666664
6 0.576171875 0.62109375 0.06884765625 0.048828125
3 0.85498046875 0.6217447916666666 0.11865234375 0.06901041666666667
7 0.205078125 0.6236979166666666 0.07666015625 0.055989583333333336
2 0.21240234375 0.6263020833333334 0.11962890625 0.0703125