0 0.68896484375 0.3365885416666667 0.04931640625 0.024739583333333332
5 0.69091796875 0.3385416666666667 0.08203125 0.03125
0 0.43017578125 0.3424479166666667 0.04833984375 0.025390625
0 0.30322265625 0.3450520833333333 0.04931640625 0.025390625
4 0.24072265625 0.3502604166666667 0.08349609375 0.03515625
0 0.36279296875 0.3723958333333333 0.05322265625 0.02734375
0 0.22607421875 0.3763020833333333 0.05078125 0.02734375
0 0.28662109375 0.408203125 0.0546875 0.029296875
0 0.35205078125 0.4368489583333333 0.05615234375 0.032552083333333336
0 0.42724609375 0.4700520833333333 0.06005859375 0.03515625
0 0.26611328125 0.4759114583333333 0.06103515625 0.036458333333333336
0 0.34375 0.5084635416666666 0.06494140625 0.040364583333333336
0 0.42626953125 0.5579427083333334 0.06640625 0.044270833333333336
3 0.79638671875 0.6067708333333334 0.12646484375 0.06510416666666667
0 0.13330078125 0.6171875 0.07421875 0.05078125
2 0.142578125 0.6223958333333334 0.12890625 0.07161458333333333