0 0.6953125 0.4140625 0.044921875 0.026041666666666668
0 0.330078125 0.4153645833333333 0.0458984375 0.026692708333333332
5 0.69287109375 0.4166666666666667 0.0751953125 0.034505208333333336
4 0.26953125 0.4186197916666667 0.07666015625 0.033854166666666664
0 0.6337890625 0.4453125 0.044921875 0.027994791666666668
0 0.25390625 0.4466145833333333 0.04736328125 0.027994791666666668
0 0.71484375 0.4752604166666667 0.04931640625 0.030598958333333332
0 0.44580078125 0.4765625 0.048828125 0.030598958333333332
0 0.31982421875 0.4772135416666667 0.0498046875 0.03125
0 0.51171875 0.5110677083333334 0.05029296875 0.032552083333333336
0 0.6494140625 0.51171875 0.0556640625 0.033203125
0 0.67041015625 0.5911458333333334 0.056640625 0.038411458333333336
0 0.27392578125 0.64453125 0.060546875 0.04296875
3 0.77880859375 0.6998697916666666 0.111328125 0.061848958333333336
0 0.17626953125 0.701171875 0.06396484375 0.048177083333333336
2 0.17626953125 0.7037760416666666 0.115234375 0.06315104166666667