6 0.43896484375 0.3717447916666667 0.046875 0.024739583333333332
6 0.31982421875 0.373046875 0.04541015625 0.025390625
6 0.68798828125 0.373046875 0.04541015625 0.025390625
6 0.56298828125 0.3736979166666667 0.04541015625 0.026041666666666668
4 0.251953125 0.3743489583333333 0.07666015625 0.032552083333333336
5 0.68701171875 0.3776041666666667 0.07666015625 0.032552083333333336
6 0.24169921875 0.3977864583333333 0.05078125 0.026041666666666668
6 0.375 0.3997395833333333 0.046875 0.026041666666666668
6 0.50537109375 0.4010416666666667 0.046875 0.02734375
6 0.634765625 0.4036458333333333 0.04833984375 0.029296875
6 0.30517578125 0.4296875 0.05322265625 0.029296875
6 0.43798828125 0.4303385416666667 0.05078125 0.029947916666666668
6 0.70849609375 0.4322916666666667 0.05224609375 0.03125
6 0.57275390625 0.43359375 0.05224609375 0.03125
0 0.357421875 0.5416666666666666 0.06396484375 0.0390625
0 0.19482421875 0.5423177083333334 0.06640625 0.037760416666666664
0 0.671875 0.5436197916666666 0.0625 0.037760416666666664
0 0.51806640625 0.5442708333333334 0.06005859375 0.037760416666666664
0 0.6015625 0.5872395833333334 0.06494140625 0.041015625
0 0.77294921875 0.5885416666666666 0.06396484375 0.041015625
0 0.267578125 0.5911458333333334 0.06884765625 0.044921875
0 0.43359375 0.591796875 0.0625 0.041015625
0 0.69921875 0.6412760416666666 0.0703125 0.048177083333333336
0 0.52392578125 0.6419270833333334 0.06640625 0.048177083333333336
0 0.34326171875 0.642578125 0.06396484375 0.046875
0 0.158203125 0.6451822916666666 0.07421875 0.045572916666666664
3 0.78369140625 0.6458333333333334 0.1171875 0.0625
2 0.15673828125 0.646484375 0.12353515625 0.0625