4 0.28125 0.4069010416666667 0.07275390625 0.033854166666666664
0 0.68017578125 0.412109375 0.04541015625 0.0234375
5 0.68017578125 0.4153645833333333 0.06884765625 0.033203125
0 0.62353515625 0.4388020833333333 0.046875 0.026041666666666668
0 0.56005859375 0.4694010416666667 0.046875 0.028645833333333332
0 0.68994140625 0.4694010416666667 0.046875 0.026041666666666668
0 0.62890625 0.501953125 0.046875 0.029296875
0 0.56396484375 0.53515625 0.04931640625 0.03125
0 0.70263671875 0.5416666666666666 0.05078125 0.033203125
0 0.49609375 0.5729166666666666 0.05224609375 0.033854166666666664
0 0.63720703125 0.5774739583333334 0.05322265625 0.033854166666666664
0 0.56640625 0.6178385416666666 0.0546875 0.037760416666666664
0 0.72265625 0.6263020833333334 0.05712890625 0.037109375
2 0.18505859375 0.658203125 0.10693359375 0.05859375
0 0.65234375 0.6731770833333334 0.06005859375 0.041015625
3 0.72607421875 0.6770833333333334 0.10009765625 0.060546875