7 0.71728515625 0.359375 0.0625 0.049479166666666664
5 0.71435546875 0.3678385416666667 0.0859375 0.046875
4 0.2646484375 0.3684895833333333 0.083984375 0.046875
1 0.3974609375 0.4036458333333333 0.0595703125 0.048177083333333336
7 0.6015625 0.4401041666666667 0.0634765625 0.048177083333333336
1 0.46923828125 0.4420572916666667 0.064453125 0.049479166666666664
1 0.32568359375 0.4440104166666667 0.064453125 0.049479166666666664
7 0.4072265625 0.48046875 0.0634765625 0.052083333333333336
7 0.4736328125 0.5266927083333334 0.0654296875 0.05078125
1 0.55078125 0.5774739583333334 0.0693359375 0.055989583333333336
1 0.8046875 0.630859375 0.078125 0.061197916666666664
3 0.81396484375 0.689453125 0.111328125 0.07421875
7 0.22900390625 0.6940104166666666 0.0791015625 0.0546875
2 0.22802734375 0.697265625 0.1083984375 0.07161458333333333