0 0.70166015625 0.3658854166666667 0.04443359375 0.022135416666666668
5 0.70263671875 0.3678385416666667 0.07421875 0.029947916666666668
0 0.46826171875 0.3684895833333333 0.04296875 0.0234375
0 0.59326171875 0.3697916666666667 0.04296875 0.0234375
4 0.3046875 0.3736979166666667 0.07275390625 0.032552083333333336
0 0.52978515625 0.3951822916666667 0.04443359375 0.026041666666666668
0 0.58740234375 0.41796875 0.046875 0.02734375
0 0.53515625 0.4485677083333333 0.046875 0.028645833333333332
0 0.607421875 0.4830729166666667 0.05078125 0.029947916666666668
0 0.47216796875 0.4850260416666667 0.05078125 0.032552083333333336
0 0.5390625 0.5169270833333334 0.0546875 0.033203125
0 0.62158203125 0.5559895833333334 0.05859375 0.036458333333333336
0 0.4765625 0.5611979166666666 0.0546875 0.036458333333333336
3 0.79052734375 0.6048177083333334 0.10693359375 0.053385416666666664
0 0.236328125 0.6067708333333334 0.06103515625 0.0390625
2 0.24267578125 0.611328125 0.10302734375 0.056640625