4 0.25732421875 0.3795572916666667 0.0849609375 0.040364583333333336
7 0.70458984375 0.3912760416666667 0.0625 0.044270833333333336
5 0.69873046875 0.3971354166666667 0.0830078125 0.0390625
1 0.24169921875 0.3984375 0.0576171875 0.044270833333333336
1 0.43603515625 0.443359375 0.0625 0.046875
7 0.50146484375 0.48046875 0.0625 0.048177083333333336
7 0.572265625 0.5227864583333334 0.068359375 0.05078125
7 0.3427734375 0.5592447916666666 0.0703125 0.055989583333333336
1 0.4931640625 0.5651041666666666 0.0712890625 0.053385416666666664
1 0.66259765625 0.57421875 0.07421875 0.057291666666666664
1 0.58447265625 0.6165364583333334 0.0771484375 0.06640625
7 0.1328125 0.6549479166666666 0.0810546875 0.059895833333333336
2 0.14013671875 0.66015625 0.123046875 0.0703125
3 0.7734375 0.6907552083333334 0.12109375 0.07161458333333333