0 0.33740234375 0.3684895833333333 0.04833984375 0.027994791666666668
0 0.70361328125 0.3697916666666667 0.048828125 0.028645833333333332
4 0.2783203125 0.37109375 0.07666015625 0.03515625
5 0.70166015625 0.3717447916666667 0.07470703125 0.035807291666666664
0 0.26318359375 0.4016927083333333 0.04931640625 0.030598958333333332
0 0.64013671875 0.40234375 0.04833984375 0.028645833333333332
0 0.45166015625 0.4342447916666667 0.0498046875 0.03125
0 0.328125 0.4342447916666667 0.052734375 0.033203125
0 0.71826171875 0.435546875 0.052734375 0.031901041666666664
0 0.51708984375 0.470703125 0.0517578125 0.033203125
0 0.65087890625 0.47265625 0.0517578125 0.033203125
0 0.666015625 0.552734375 0.05712890625 0.037760416666666664
0 0.287109375 0.6009114583333334 0.06005859375 0.043619791666666664
0 0.1962890625 0.654296875 0.06494140625 0.045572916666666664
2 0.197265625 0.65625 0.1064453125 0.061197916666666664
3 0.759765625 0.6588541666666666 0.1005859375 0.059895833333333336