4 0.3359375 0.4036458333333333 0.07568359375 0.037760416666666664
0 0.72021484375 0.4290364583333333 0.04443359375 0.024739583333333332
5 0.71875 0.4322916666666667 0.06787109375 0.0390625
0 0.65771484375 0.4544270833333333 0.04443359375 0.026041666666666668
0 0.58642578125 0.482421875 0.04541015625 0.029296875
0 0.71337890625 0.490234375 0.04931640625 0.029296875
0 0.64501953125 0.5208333333333334 0.04833984375 0.03125
0 0.57421875 0.55078125 0.046875 0.033203125
0 0.70556640625 0.5651041666666666 0.04931640625 0.033203125
0 0.50146484375 0.5833333333333334 0.05224609375 0.033203125
0 0.63427734375 0.5970052083333334 0.05224609375 0.036458333333333336
0 0.55615234375 0.6321614583333334 0.05224609375 0.036458333333333336
2 0.19873046875 0.6458333333333334 0.10546875 0.05859375
0 0.70361328125 0.6516927083333334 0.05615234375 0.040364583333333336
0 0.62548828125 0.69140625 0.05615234375 0.04296875
3 0.693359375 0.7018229166666666 0.08740234375 0.06510416666666667