1 0.720703125 0.4427083333333333 0.04541015625 0.03125
0 0.47705078125 0.4440104166666667 0.04541015625 0.0234375
0 0.59619140625 0.4466145833333333 0.04443359375 0.021484375
4 0.30078125 0.4479166666666667 0.07568359375 0.029947916666666668
5 0.72119140625 0.4505208333333333 0.078125 0.029947916666666668
1 0.28564453125 0.4641927083333333 0.04833984375 0.033854166666666664
0 0.41552734375 0.4694010416666667 0.046875 0.026041666666666668
0 0.54248046875 0.4694010416666667 0.04833984375 0.024739583333333332
0 0.66357421875 0.470703125 0.04541015625 0.0234375
0 0.482421875 0.49609375 0.04833984375 0.02734375
0 0.74560546875 0.498046875 0.04833984375 0.025390625
0 0.34765625 0.4986979166666667 0.04931640625 0.02734375
7 0.71240234375 0.5970052083333334 0.06005859375 0.041666666666666664
6 0.40283203125 0.5989583333333334 0.05859375 0.033854166666666664
6 0.55908203125 0.6002604166666666 0.05859375 0.033854166666666664
7 0.31201171875 0.6354166666666666 0.06640625 0.045572916666666664
6 0.4765625 0.6393229166666666 0.0625 0.0390625
7 0.73974609375 0.6822916666666666 0.0703125 0.052734375
7 0.20703125 0.6875 0.07568359375 0.052734375
6 0.568359375 0.6888020833333334 0.06640625 0.04296875
2 0.21044921875 0.6940104166666666 0.12353515625 0.061197916666666664
3 0.83349609375 0.6940104166666666 0.11962890625 0.060546875