0 0.42626953125 0.3216145833333333 0.04296875 0.0234375
0 0.65478515625 0.3216145833333333 0.04443359375 0.022135416666666668
4 0.275390625 0.3229166666666667 0.07958984375 0.029947916666666668
0 0.546875 0.3235677083333333 0.04150390625 0.022135416666666668
5 0.65673828125 0.3235677083333333 0.06884765625 0.029947916666666668
0 0.4765625 0.3463541666666667 0.04443359375 0.024739583333333332
0 0.52490234375 0.3684895833333333 0.046875 0.026041666666666668
0 0.46435546875 0.3958333333333333 0.04833984375 0.028645833333333332
0 0.39306640625 0.4264322916666667 0.04931640625 0.028645833333333332
0 0.52099609375 0.4283854166666667 0.04931640625 0.028645833333333332
0 0.44384765625 0.4583333333333333 0.05224609375 0.032552083333333336
0 0.50927734375 0.4967447916666667 0.0546875 0.036458333333333336
0 0.37060546875 0.4973958333333333 0.05322265625 0.033203125
0 0.13427734375 0.529296875 0.05712890625 0.03515625
2 0.140625 0.5325520833333334 0.10693359375 0.048828125
3 0.65625 0.548828125 0.09130859375 0.052734375