7 0.708984375 0.22265625 0.0595703125 0.049479166666666664
5 0.7041015625 0.228515625 0.0771484375 0.05078125
4 0.27783203125 0.294921875 0.076171875 0.046875
1 0.267578125 0.3229166666666667 0.056640625 0.049479166666666664
1 0.4580078125 0.3333333333333333 0.0595703125 0.049479166666666664
7 0.521484375 0.36328125 0.0625 0.052083333333333336
7 0.58544921875 0.3932291666666667 0.060546875 0.055989583333333336
1 0.669921875 0.4283854166666667 0.064453125 0.055989583333333336
1 0.51953125 0.4498697916666667 0.0634765625 0.055989583333333336
7 0.38525390625 0.4713541666666667 0.0673828125 0.055989583333333336
1 0.6005859375 0.4876302083333333 0.064453125 0.061197916666666664
3 0.7646484375 0.5182291666666666 0.1005859375 0.07421875
7 0.2158203125 0.6015625 0.072265625 0.061197916666666664
2 0.22119140625 0.6022135416666666 0.1025390625 0.08203125