6 0.671875 0.361328125 0.046875 0.025390625
5 0.66845703125 0.3665364583333333 0.08203125 0.040364583333333336
6 0.54150390625 0.3763020833333333 0.046875 0.024739583333333332
6 0.62548828125 0.396484375 0.04833984375 0.02734375
4 0.24267578125 0.3984375 0.07958984375 0.041015625
6 0.71044921875 0.4231770833333333 0.05078125 0.029947916666666668
6 0.57666015625 0.4322916666666667 0.04931640625 0.03125
6 0.66259765625 0.462890625 0.0546875 0.03125
6 0.75439453125 0.4986979166666667 0.05615234375 0.033854166666666664
6 0.60546875 0.5052083333333334 0.0546875 0.03515625
6 0.69384765625 0.5364583333333334 0.06005859375 0.037109375
6 0.80029296875 0.5794270833333334 0.06396484375 0.040364583333333336
6 0.65185546875 0.5911458333333334 0.06103515625 0.040364583333333336
3 0.830078125 0.6315104166666666 0.11572265625 0.06770833333333333
6 0.75439453125 0.642578125 0.06396484375 0.046875
2 0.251953125 0.6927083333333334 0.11083984375 0.08072916666666667