4 0.2099609375 0.3932291666666667 0.078125 0.052083333333333336
0 0.2685546875 0.396484375 0.052734375 0.040364583333333336
0 0.1923828125 0.4244791666666667 0.056640625 0.041666666666666664
0 0.51416015625 0.4368489583333333 0.0517578125 0.040364583333333336
0 0.63623046875 0.4544270833333333 0.0517578125 0.041666666666666664
5 0.63720703125 0.4563802083333333 0.0771484375 0.05078125
0 0.4482421875 0.466796875 0.052734375 0.04296875
0 0.25390625 0.4791666666666667 0.0625 0.046875
0 0.57763671875 0.4830729166666667 0.0537109375 0.041666666666666664
0 0.3828125 0.4947916666666667 0.056640625 0.044270833333333336
0 0.181640625 0.5052083333333334 0.0625 0.046875
6 0.314453125 0.5266927083333334 0.056640625 0.045572916666666664
6 0.5869140625 0.560546875 0.05859375 0.045572916666666664
6 0.1572265625 0.59765625 0.064453125 0.052083333333333336
6 0.52197265625 0.6002604166666666 0.0615234375 0.046875
6 0.30419921875 0.61328125 0.0615234375 0.049479166666666664
6 0.650390625 0.6158854166666666 0.060546875 0.049479166666666664
6 0.43798828125 0.6373697916666666 0.0595703125 0.048177083333333336
6 0.5771484375 0.6516927083333334 0.0625 0.05078125
2 0.12158203125 0.7044270833333334 0.1044921875 0.08072916666666667
6 0.1181640625 0.7057291666666666 0.068359375 0.057291666666666664
6 0.431640625 0.7473958333333334 0.06640625 0.0546875
3 0.66064453125 0.7760416666666666 0.0947265625 0.07552083333333333