0 0.64453125 0.3548177083333333 0.04150390625 0.020833333333333332
5 0.64453125 0.357421875 0.078125 0.03125
0 0.42626953125 0.3671875 0.04296875 0.0234375
0 0.31396484375 0.373046875 0.04150390625 0.025390625
4 0.25634765625 0.3815104166666667 0.07568359375 0.033854166666666664
0 0.376953125 0.3951822916666667 0.04541015625 0.026041666666666668
0 0.25390625 0.4036458333333333 0.046875 0.026041666666666668
0 0.3203125 0.4303385416666667 0.04931640625 0.029947916666666668
0 0.39111328125 0.4518229166666667 0.04833984375 0.028645833333333332
0 0.466796875 0.4759114583333333 0.05078125 0.032552083333333336
0 0.32763671875 0.4869791666666667 0.05615234375 0.03125
0 0.408203125 0.5104166666666666 0.05322265625 0.033203125
0 0.49609375 0.5481770833333334 0.05712890625 0.036458333333333336
3 0.80224609375 0.56640625 0.109375 0.056640625
0 0.26220703125 0.6126302083333334 0.06396484375 0.041666666666666664
2 0.26953125 0.6165364583333334 0.1015625 0.06510416666666667