0 0.61376953125 0.3580729166666667 0.04052734375 0.01953125
5 0.61474609375 0.3619791666666667 0.07568359375 0.032552083333333336
0 0.517578125 0.3678385416666667 0.04052734375 0.020833333333333332
0 0.40087890625 0.3743489583333333 0.04150390625 0.022135416666666668
4 0.24267578125 0.3893229166666667 0.07177734375 0.033203125
0 0.47021484375 0.3938802083333333 0.04150390625 0.022135416666666668
0 0.53271484375 0.4114583333333333 0.04150390625 0.0234375
0 0.49560546875 0.4420572916666667 0.04541015625 0.026041666666666668
0 0.57421875 0.466796875 0.04931640625 0.02734375
0 0.45068359375 0.4791666666666667 0.046875 0.028645833333333332
0 0.52392578125 0.5032552083333334 0.05078125 0.029947916666666668
0 0.61474609375 0.5319010416666666 0.0546875 0.032552083333333336
0 0.48388671875 0.5494791666666666 0.05322265625 0.032552083333333336
3 0.77392578125 0.5611979166666666 0.10302734375 0.052083333333333336
0 0.26806640625 0.6145833333333334 0.0625 0.041666666666666664
2 0.27734375 0.6184895833333334 0.09375 0.064453125