6 0.42724609375 0.3424479166666667 0.04443359375 0.024739583333333332
4 0.37353515625 0.3444010416666667 0.08837890625 0.037760416666666664
6 0.35205078125 0.3619791666666667 0.04541015625 0.025390625
5 0.79345703125 0.3743489583333333 0.07421875 0.037760416666666664
6 0.46728515625 0.3776041666666667 0.046875 0.028645833333333332
6 0.39453125 0.3997395833333333 0.04931640625 0.029947916666666668
6 0.3203125 0.4231770833333333 0.04931640625 0.028645833333333332
6 0.43603515625 0.4381510416666667 0.05224609375 0.029947916666666668
6 0.36376953125 0.4622395833333333 0.05322265625 0.032552083333333336
6 0.26318359375 0.4889322916666667 0.0546875 0.033854166666666664
6 0.40087890625 0.5091145833333334 0.05712890625 0.036458333333333336
6 0.31201171875 0.5416666666666666 0.05859375 0.036458333333333336
6 0.20263671875 0.583984375 0.06640625 0.04296875
2 0.20751953125 0.5852864583333334 0.12109375 0.06380208333333333
6 0.359375 0.6041666666666666 0.0625 0.044270833333333336
3 0.77880859375 0.654296875 0.1015625 0.07421875