4 0.35595703125 0.3307291666666667 0.07958984375 0.03515625
0 0.51220703125 0.3352864583333333 0.04296875 0.026041666666666668
0 0.63623046875 0.3450520833333333 0.04833984375 0.02734375
0 0.75 0.3489583333333333 0.046875 0.026041666666666668
5 0.75 0.3509114583333333 0.07568359375 0.036458333333333336
0 0.56005859375 0.3671875 0.04443359375 0.02734375
0 0.607421875 0.396484375 0.04833984375 0.029296875
0 0.54248046875 0.4251302083333333 0.04833984375 0.029947916666666668
0 0.46435546875 0.4563802083333333 0.05078125 0.032552083333333336
0 0.59423828125 0.4661458333333333 0.05322265625 0.032552083333333336
0 0.51318359375 0.4973958333333333 0.05224609375 0.03515625
0 0.43359375 0.5358072916666666 0.0546875 0.036458333333333336
0 0.57470703125 0.544921875 0.05859375 0.0390625
0 0.19775390625 0.5572916666666666 0.06005859375 0.0390625
2 0.20361328125 0.5631510416666666 0.11083984375 0.057291666666666664
3 0.71728515625 0.6139322916666666 0.09375 0.06510416666666667