6 0.47998046875 0.3151041666666667 0.04833984375 0.026041666666666668
4 0.30126953125 0.3177083333333333 0.08984375 0.0390625
6 0.61181640625 0.322265625 0.046875 0.02734375
5 0.73779296875 0.3294270833333333 0.07666015625 0.037760416666666664
6 0.52685546875 0.3509114583333333 0.05078125 0.029947916666666668
6 0.46044921875 0.380859375 0.05322265625 0.03125
6 0.59423828125 0.384765625 0.05322265625 0.03125
6 0.52783203125 0.416015625 0.05322265625 0.03515625
6 0.43896484375 0.447265625 0.05712890625 0.03515625
6 0.58154296875 0.4537760416666667 0.05859375 0.037760416666666664
6 0.4921875 0.4947916666666667 0.06005859375 0.037760416666666664
6 0.40673828125 0.5345052083333334 0.06103515625 0.041666666666666664
6 0.57373046875 0.5423177083333334 0.06396484375 0.040364583333333336
2 0.14208984375 0.572265625 0.125 0.06640625
6 0.47509765625 0.5924479166666666 0.06787109375 0.046875
3 0.74365234375 0.61328125 0.109375 0.07421875