0 0.623046875 0.3391927083333333 0.04296875 0.024739583333333332
5 0.62353515625 0.3411458333333333 0.078125 0.03515625
0 0.408203125 0.3528645833333333 0.04296875 0.024739583333333332
0 0.29345703125 0.359375 0.04541015625 0.025390625
4 0.23974609375 0.3684895833333333 0.07568359375 0.040364583333333336
0 0.36083984375 0.3834635416666667 0.046875 0.026041666666666668
0 0.23828125 0.3932291666666667 0.046875 0.02734375
0 0.30615234375 0.4205729166666667 0.046875 0.029296875
0 0.37646484375 0.4440104166666667 0.04931640625 0.03125
0 0.451171875 0.4700520833333333 0.05078125 0.03125
0 0.31591796875 0.482421875 0.05322265625 0.033203125
0 0.39599609375 0.5078125 0.05224609375 0.03515625
0 0.47998046875 0.5462239583333334 0.05322265625 0.036458333333333336
3 0.77392578125 0.5631510416666666 0.10791015625 0.057291666666666664
0 0.25830078125 0.61328125 0.06103515625 0.04296875
2 0.26806640625 0.6165364583333334 0.09619140625 0.06510416666666667