7 0.61083984375 0.3665364583333333 0.05078125 0.037760416666666664
5 0.61376953125 0.3704427083333333 0.0791015625 0.037760416666666664
4 0.20947265625 0.4069010416666667 0.072265625 0.036458333333333336
7 0.33056640625 0.4166666666666667 0.0556640625 0.037760416666666664
7 0.517578125 0.4283854166666667 0.060546875 0.0390625
1 0.3994140625 0.4388020833333333 0.0546875 0.037760416666666664
1 0.27197265625 0.44921875 0.0595703125 0.040364583333333336
7 0.341796875 0.47265625 0.060546875 0.04296875
7 0.54541015625 0.484375 0.0634765625 0.044270833333333336
1 0.27001953125 0.513671875 0.0615234375 0.048177083333333336
1 0.482421875 0.5279947916666666 0.064453125 0.046875
7 0.19189453125 0.5481770833333334 0.0693359375 0.048177083333333336
1 0.720703125 0.548828125 0.0673828125 0.046875
3 0.7431640625 0.5904947916666666 0.1171875 0.06380208333333333
1 0.3505859375 0.6263020833333334 0.0751953125 0.053385416666666664
2 0.1865234375 0.6451822916666666 0.115234375 0.06901041666666667