0 0.71826171875 0.2877604166666667 0.05078125 0.029947916666666668
0 0.45458984375 0.2897135416666667 0.04931640625 0.029947916666666668
5 0.71875 0.2897135416666667 0.08349609375 0.041666666666666664
0 0.32666015625 0.2903645833333333 0.04931640625 0.02734375
4 0.26416015625 0.2955729166666667 0.08056640625 0.041666666666666664
0 0.388671875 0.3248697916666667 0.05078125 0.032552083333333336
0 0.251953125 0.328125 0.05078125 0.03125
0 0.314453125 0.3665364583333333 0.05322265625 0.033854166666666664
0 0.38330078125 0.4029947916666667 0.05615234375 0.033854166666666664
0 0.45703125 0.4407552083333333 0.05712890625 0.037760416666666664
0 0.30078125 0.4440104166666667 0.05712890625 0.037109375
0 0.37939453125 0.4830729166666667 0.06103515625 0.041015625
0 0.46044921875 0.5397135416666666 0.06396484375 0.044270833333333336
3 0.80419921875 0.5924479166666666 0.11328125 0.06770833333333333
0 0.18701171875 0.5983072916666666 0.06884765625 0.048177083333333336
2 0.19677734375 0.6028645833333334 0.11962890625 0.07161458333333333