4 0.337890625 0.29296875 0.08984375 0.04296875
0 0.794921875 0.3190104166666667 0.05322265625 0.03125
5 0.79248046875 0.3229166666666667 0.08447265625 0.044270833333333336
0 0.71923828125 0.3502604166666667 0.05322265625 0.03125
0 0.63330078125 0.3860677083333333 0.05615234375 0.036458333333333336
0 0.7890625 0.3938802083333333 0.05712890625 0.036458333333333336
0 0.70458984375 0.431640625 0.05712890625 0.037109375
0 0.61865234375 0.4700520833333333 0.05712890625 0.037760416666666664
0 0.77880859375 0.48828125 0.06005859375 0.041015625
0 0.52978515625 0.51171875 0.06005859375 0.041015625
0 0.69287109375 0.5286458333333334 0.06005859375 0.04296875
0 0.59814453125 0.5716145833333334 0.06103515625 0.046875
2 0.17333984375 0.5872395833333334 0.12255859375 0.072265625
0 0.77783203125 0.595703125 0.06884765625 0.048828125
0 0.68115234375 0.6471354166666666 0.0703125 0.053385416666666664
3 0.76806640625 0.6588541666666666 0.10693359375 0.08333333333333333