0 0.703125 0.40234375 0.04638671875 0.02734375
5 0.70068359375 0.404296875 0.076171875 0.033854166666666664
0 0.34130859375 0.4049479166666667 0.04638671875 0.027994791666666668
4 0.2822265625 0.4069010416666667 0.07421875 0.03515625
0 0.64111328125 0.43359375 0.04833984375 0.027994791666666668
0 0.2666015625 0.4361979166666667 0.05029296875 0.029947916666666668
0 0.720703125 0.4635416666666667 0.052734375 0.03125
0 0.4541015625 0.46484375 0.0517578125 0.03125
0 0.3310546875 0.4654947916666667 0.05029296875 0.03125
0 0.51904296875 0.498046875 0.05029296875 0.03125
0 0.65380859375 0.4993489583333333 0.0537109375 0.032552083333333336
0 0.67138671875 0.5768229166666666 0.05908203125 0.037109375
0 0.287109375 0.6256510416666666 0.06298828125 0.041015625
0 0.1953125 0.677734375 0.06494140625 0.045572916666666664
3 0.7734375 0.6803385416666666 0.109375 0.0625
2 0.1953125 0.681640625 0.10791015625 0.060546875