0 0.32763671875 0.3502604166666667 0.05078125 0.029947916666666668
0 0.72998046875 0.3509114583333333 0.05322265625 0.029947916666666668
0 0.46044921875 0.3515625 0.05078125 0.033203125
5 0.72900390625 0.3541666666666667 0.08837890625 0.041666666666666664
4 0.26220703125 0.3567708333333333 0.08740234375 0.046875
0 0.39111328125 0.3893229166666667 0.05322265625 0.033854166666666664
0 0.25 0.390625 0.05224609375 0.033203125
0 0.31494140625 0.4342447916666667 0.0546875 0.037760416666666664
0 0.38623046875 0.4720052083333333 0.05615234375 0.040364583333333336
0 0.46142578125 0.515625 0.05859375 0.041015625
0 0.30029296875 0.5182291666666666 0.06103515625 0.040364583333333336
0 0.38134765625 0.5598958333333334 0.06005859375 0.04296875
0 0.46435546875 0.6223958333333334 0.06640625 0.048177083333333336
3 0.82080078125 0.6822916666666666 0.11865234375 0.07291666666666667
0 0.18359375 0.6829427083333334 0.07275390625 0.055989583333333336
2 0.19287109375 0.6888020833333334 0.12255859375 0.07682291666666667