6 0.72314453125 0.26953125 0.04833984375 0.025390625
5 0.71826171875 0.275390625 0.07666015625 0.03515625
6 0.58447265625 0.2760416666666667 0.046875 0.026041666666666668
4 0.28662109375 0.279296875 0.08056640625 0.037109375
6 0.66064453125 0.2994791666666667 0.05078125 0.029296875
6 0.73876953125 0.3307291666666667 0.05322265625 0.028645833333333332
6 0.59619140625 0.33203125 0.05224609375 0.029296875
6 0.67236328125 0.3658854166666667 0.05322265625 0.03125
6 0.59912109375 0.4010416666666667 0.0546875 0.033203125
6 0.75390625 0.40625 0.06005859375 0.033203125
6 0.67724609375 0.4375 0.05712890625 0.03515625
6 0.61279296875 0.4856770833333333 0.06103515625 0.037760416666666664
6 0.76806640625 0.4869791666666667 0.0625 0.037760416666666664
2 0.19921875 0.5377604166666666 0.11181640625 0.059895833333333336
3 0.78369140625 0.5390625 0.10400390625 0.060546875
6 0.697265625 0.5416666666666666 0.06396484375 0.045572916666666664