6 0.443359375 0.287109375 0.052734375 0.029947916666666668
1 0.57177734375 0.2884114583333333 0.0556640625 0.037760416666666664
6 0.6982421875 0.2897135416666667 0.0546875 0.029947916666666668
4 0.2470703125 0.2936197916666667 0.0859375 0.03515625
5 0.69384765625 0.294921875 0.0810546875 0.03515625
7 0.43603515625 0.3483072916666667 0.0615234375 0.045572916666666664
6 0.3017578125 0.3541666666666667 0.05859375 0.033854166666666664
7 0.353515625 0.3815104166666667 0.068359375 0.044270833333333336
0 0.49853515625 0.3854166666666667 0.0595703125 0.036458333333333336
6 0.21337890625 0.3860677083333333 0.0634765625 0.037760416666666664
7 0.58203125 0.4212239583333333 0.064453125 0.048177083333333336
1 0.7373046875 0.423828125 0.07421875 0.05078125
6 0.2705078125 0.4270833333333333 0.068359375 0.0390625
1 0.77001953125 0.5071614583333334 0.0732421875 0.053385416666666664
0 0.2587890625 0.513671875 0.072265625 0.045572916666666664
0 0.15771484375 0.5618489583333334 0.0771484375 0.048177083333333336
0 0.337890625 0.5618489583333334 0.07421875 0.05078125
0 0.68408203125 0.564453125 0.0751953125 0.05859375
2 0.14892578125 0.5670572916666666 0.1259765625 0.061197916666666664
3 0.775390625 0.5703125 0.11328125 0.06510416666666667