5 0.6796875 0.3489583333333333 0.0859375 0.044270833333333336
6 0.56396484375 0.3541666666666667 0.046875 0.029296875
6 0.431640625 0.3606770833333333 0.04833984375 0.029947916666666668
4 0.25 0.3821614583333333 0.078125 0.045572916666666664
6 0.50048828125 0.3938802083333333 0.04833984375 0.029947916666666668
6 0.58447265625 0.4244791666666667 0.05224609375 0.032552083333333336
6 0.45556640625 0.4368489583333333 0.05224609375 0.033854166666666664
6 0.53955078125 0.4654947916666667 0.05322265625 0.033854166666666664
6 0.61279296875 0.4986979166666667 0.05322265625 0.036458333333333336
6 0.47705078125 0.5123697916666666 0.05615234375 0.037760416666666664
6 0.55615234375 0.5533854166666666 0.05712890625 0.0390625
6 0.65576171875 0.5904947916666666 0.06396484375 0.041666666666666664
6 0.501953125 0.6080729166666666 0.06103515625 0.044270833333333336
3 0.83056640625 0.6321614583333334 0.11181640625 0.06901041666666667
6 0.599609375 0.65625 0.06103515625 0.046875
2 0.26611328125 0.69140625 0.10546875 0.080078125