1 0.47021484375 0.3548177083333333 0.04443359375 0.032552083333333336
1 0.728515625 0.3561197916666667 0.04833984375 0.032552083333333336
5 0.72900390625 0.36328125 0.08056640625 0.029296875
4 0.28662109375 0.3645833333333333 0.08056640625 0.029947916666666668
1 0.53759765625 0.3821614583333333 0.04931640625 0.033854166666666664
1 0.26904296875 0.3828125 0.05078125 0.03515625
1 0.75 0.412109375 0.0546875 0.037109375
1 0.32958984375 0.4127604166666667 0.0546875 0.0390625
7 0.38037109375 0.5201822916666666 0.06494140625 0.041666666666666664
7 0.54296875 0.5208333333333334 0.0625 0.046875
7 0.70703125 0.5221354166666666 0.06494140625 0.045572916666666664
7 0.28125 0.5638020833333334 0.0703125 0.048177083333333336
7 0.728515625 0.615234375 0.07666015625 0.0546875
7 0.16845703125 0.6184895833333334 0.07666015625 0.0546875
2 0.17578125 0.6256510416666666 0.13037109375 0.06380208333333333
3 0.828125 0.6256510416666666 0.11962890625 0.061197916666666664