4 0.19287109375 0.2936197916666667 0.1123046875 0.053385416666666664
7 0.77001953125 0.3079427083333333 0.0751953125 0.053385416666666664
5 0.765625 0.3151041666666667 0.107421875 0.057291666666666664
1 0.17236328125 0.322265625 0.0771484375 0.055989583333333336
1 0.431640625 0.3841145833333333 0.083984375 0.059895833333333336
7 0.51904296875 0.439453125 0.0791015625 0.06640625
7 0.61083984375 0.5013020833333334 0.0869140625 0.06770833333333333
7 0.31689453125 0.5579427083333334 0.0947265625 0.07161458333333333
1 0.5185546875 0.5611979166666666 0.08984375 0.07291666666666667
1 0.72900390625 0.5690104166666666 0.1044921875 0.07291666666666667
7 0.05224609375 0.703125 0.1044921875 0.08333333333333333
2 0.06982421875 0.7063802083333334 0.1396484375 0.10026041666666667
3 0.88134765625 0.7356770833333334 0.1591796875 0.1015625