1 0.736328125 0.2578125 0.05078125 0.0390625
5 0.73876953125 0.2662760416666667 0.08740234375 0.036458333333333336
0 0.59521484375 0.2669270833333333 0.05224609375 0.028645833333333332
0 0.458984375 0.2682291666666667 0.05078125 0.02734375
4 0.26416015625 0.2805989583333333 0.08349609375 0.036458333333333336
0 0.671875 0.2955729166666667 0.05224609375 0.029947916666666668
0 0.53369140625 0.2981770833333333 0.05224609375 0.032552083333333336
0 0.390625 0.3014322916666667 0.0546875 0.029947916666666668
1 0.24560546875 0.3020833333333333 0.05322265625 0.040364583333333336
0 0.76025390625 0.3255208333333333 0.05712890625 0.033203125
0 0.46630859375 0.3346354166666667 0.0546875 0.032552083333333336
0 0.31640625 0.341796875 0.0546875 0.033203125
7 0.71728515625 0.4446614583333333 0.06494140625 0.045572916666666664
6 0.54833984375 0.4563802083333333 0.06494140625 0.040364583333333336
6 0.37744140625 0.4596354166666667 0.0625 0.040364583333333336
7 0.27978515625 0.5026041666666666 0.07275390625 0.05078125
6 0.45703125 0.5026041666666666 0.06787109375 0.04296875
7 0.740234375 0.5442708333333334 0.07958984375 0.05859375
3 0.84228515625 0.5520833333333334 0.125 0.06640625
6 0.55615234375 0.5559895833333334 0.0703125 0.046875
7 0.17138671875 0.5651041666666666 0.07958984375 0.055989583333333336
2 0.17529296875 0.5696614583333334 0.12646484375 0.06770833333333333