6 0.69873046875 0.4134114583333333 0.046875 0.024739583333333332
6 0.455078125 0.4140625 0.04541015625 0.025390625
6 0.33984375 0.416015625 0.046875 0.025390625
6 0.57666015625 0.416015625 0.046875 0.025390625
4 0.27490234375 0.41796875 0.07568359375 0.03125
5 0.69677734375 0.4186197916666667 0.07568359375 0.032552083333333336
6 0.39404296875 0.4407552083333333 0.04833984375 0.02734375
6 0.265625 0.44140625 0.04931640625 0.02734375
6 0.52001953125 0.443359375 0.04833984375 0.02734375
6 0.64697265625 0.4446614583333333 0.04931640625 0.028645833333333332
6 0.32666015625 0.4733072916666667 0.05224609375 0.029947916666666668
6 0.455078125 0.4733072916666667 0.04833984375 0.028645833333333332
6 0.71923828125 0.4733072916666667 0.05078125 0.029947916666666668
6 0.58642578125 0.4752604166666667 0.05078125 0.029947916666666668
0 0.22216796875 0.58203125 0.05859375 0.037109375
0 0.37841796875 0.58203125 0.05859375 0.037109375
0 0.681640625 0.58203125 0.06103515625 0.037109375
0 0.53271484375 0.5833333333333334 0.06005859375 0.03515625
0 0.61474609375 0.6256510416666666 0.06494140625 0.041666666666666664
0 0.779296875 0.6276041666666666 0.06640625 0.041666666666666664
0 0.451171875 0.6282552083333334 0.06396484375 0.040364583333333336
0 0.29296875 0.62890625 0.0625 0.041015625
0 0.70849609375 0.677734375 0.06787109375 0.046875
0 0.36572265625 0.6783854166666666 0.06494140625 0.046875
0 0.53759765625 0.6790364583333334 0.06494140625 0.044270833333333336
3 0.787109375 0.6790364583333334 0.10791015625 0.057291666666666664
0 0.19091796875 0.6809895833333334 0.07177734375 0.046875
2 0.1875 0.6829427083333334 0.11474609375 0.059895833333333336