6 0.72705078125 0.3235677083333333 0.0498046875 0.032552083333333336
5 0.724609375 0.3287760416666667 0.0703125 0.037760416666666664
1 0.61279296875 0.3313802083333333 0.0537109375 0.040364583333333336
6 0.4951171875 0.3352864583333333 0.046875 0.029947916666666668
4 0.3212890625 0.3509114583333333 0.07421875 0.037760416666666664
7 0.484375 0.3951822916666667 0.052734375 0.04296875
6 0.365234375 0.4075520833333333 0.048828125 0.033854166666666664
0 0.5400390625 0.4283854166666667 0.052734375 0.036458333333333336
7 0.4111328125 0.4303385416666667 0.05859375 0.04296875
6 0.2880859375 0.4427083333333333 0.0546875 0.036458333333333336
1 0.75146484375 0.4537760416666667 0.0615234375 0.048177083333333336
7 0.61181640625 0.45703125 0.0576171875 0.046875
6 0.33740234375 0.4772135416666667 0.0537109375 0.037760416666666664
1 0.7705078125 0.53125 0.064453125 0.0546875
0 0.322265625 0.5579427083333334 0.056640625 0.04296875
1 0.689453125 0.5872395833333334 0.064453125 0.0546875
3 0.77001953125 0.587890625 0.0947265625 0.06640625
0 0.3876953125 0.5989583333333334 0.064453125 0.046875
0 0.232421875 0.6061197916666666 0.0625 0.048177083333333336
2 0.22900390625 0.6126302083333334 0.1044921875 0.06380208333333333