0 0.35302734375 0.4759114583333333 0.0478515625 0.024739583333333332
0 0.7001953125 0.4778645833333333 0.0439453125 0.024739583333333332
4 0.29541015625 0.4791666666666667 0.07470703125 0.03125
5 0.69921875 0.48046875 0.0732421875 0.031901041666666664
0 0.279296875 0.50390625 0.0478515625 0.02734375
0 0.64306640625 0.5045572916666666 0.0478515625 0.024739583333333332
0 0.4619140625 0.53125 0.048828125 0.028645833333333332
0 0.34130859375 0.5325520833333334 0.04931640625 0.029947916666666668
0 0.72021484375 0.5338541666666666 0.04931640625 0.027994791666666668
0 0.525390625 0.5638020833333334 0.05078125 0.030598958333333332
0 0.65625 0.56640625 0.05078125 0.03125
0 0.6767578125 0.6399739583333334 0.05908203125 0.037760416666666664
0 0.2919921875 0.685546875 0.0634765625 0.042317708333333336
0 0.19677734375 0.7369791666666666 0.06640625 0.046875
2 0.1953125 0.7408854166666666 0.1162109375 0.060546875
3 0.7822265625 0.7415364583333334 0.10791015625 0.061197916666666664