7 0.72998046875 0.24934895833333334 0.05322265625 0.036458333333333336
0 0.58837890625 0.2591145833333333 0.04931640625 0.028645833333333332
5 0.73388671875 0.2604166666666667 0.08740234375 0.040364583333333336
0 0.45263671875 0.26171875 0.05322265625 0.03125
4 0.25390625 0.2701822916666667 0.0859375 0.036458333333333336
0 0.6640625 0.2890625 0.0546875 0.03125
0 0.52490234375 0.2903645833333333 0.05224609375 0.032552083333333336
1 0.23583984375 0.2923177083333333 0.0546875 0.041666666666666664
0 0.38134765625 0.2955729166666667 0.0546875 0.032552083333333336
0 0.75341796875 0.3209635416666667 0.05859375 0.032552083333333336
0 0.45458984375 0.3274739583333333 0.06005859375 0.032552083333333336
0 0.30615234375 0.333984375 0.06005859375 0.033203125
7 0.70361328125 0.4401041666666667 0.06640625 0.048828125
6 0.53173828125 0.453125 0.06396484375 0.041015625
6 0.361328125 0.4537760416666667 0.06103515625 0.041666666666666664
7 0.26123046875 0.4973958333333333 0.07421875 0.05078125
6 0.439453125 0.4986979166666667 0.06640625 0.044921875
7 0.72509765625 0.5416666666666666 0.07568359375 0.057291666666666664
3 0.826171875 0.5546875 0.12646484375 0.068359375
6 0.53466796875 0.5559895833333334 0.06884765625 0.048828125
1 0.14208984375 0.5598958333333334 0.07275390625 0.057291666666666664
2 0.15625 0.5651041666666666 0.12744140625 0.06901041666666667