4 0.21142578125 0.3033854166666667 0.1064453125 0.057291666666666664
1 0.19384765625 0.333984375 0.0771484375 0.059895833333333336
7 0.78857421875 0.3567708333333333 0.07421875 0.055989583333333336
5 0.783203125 0.3626302083333333 0.1064453125 0.05859375
1 0.4599609375 0.4173177083333333 0.0830078125 0.06380208333333333
7 0.55126953125 0.4720052083333333 0.078125 0.0703125
7 0.64501953125 0.537109375 0.0859375 0.07161458333333333
7 0.35595703125 0.5774739583333334 0.09375 0.07552083333333333
1 0.5537109375 0.5924479166666666 0.08984375 0.07682291666666667
1 0.76708984375 0.6139322916666666 0.103515625 0.078125
2 0.0986328125 0.7102864583333334 0.16015625 0.10807291666666667
7 0.0908203125 0.7102864583333334 0.1171875 0.08854166666666667
3 0.9208984375 0.791015625 0.15625 0.11067708333333333