0 0.69140625 0.3958333333333333 0.04443359375 0.025390625
5 0.69189453125 0.3971354166666667 0.07666015625 0.037109375
4 0.28759765625 0.4055989583333333 0.0703125 0.037760416666666664
0 0.64404296875 0.427734375 0.04541015625 0.02734375
0 0.71337890625 0.4583333333333333 0.046875 0.029947916666666668
0 0.58740234375 0.4635416666666667 0.046875 0.029296875
0 0.662109375 0.4973958333333333 0.05078125 0.03125
0 0.74072265625 0.5364583333333334 0.05224609375 0.033203125
0 0.60693359375 0.537109375 0.04931640625 0.033203125
0 0.6875 0.5774739583333334 0.05224609375 0.036458333333333336
0 0.55078125 0.5807291666666666 0.05224609375 0.03515625
0 0.77734375 0.6236979166666666 0.0546875 0.037760416666666664
0 0.62890625 0.6236979166666666 0.0546875 0.0390625
3 0.78955078125 0.6744791666666666 0.10009765625 0.0625
0 0.72216796875 0.6770833333333334 0.05859375 0.041015625
2 0.26171875 0.6940104166666666 0.09619140625 0.06640625