4 0.37548828125 0.3509114583333333 0.080078125 0.040364583333333336
6 0.53515625 0.3528645833333333 0.0498046875 0.029947916666666668
6 0.75732421875 0.3678385416666667 0.048828125 0.029947916666666668
5 0.7548828125 0.3704427083333333 0.078125 0.04296875
6 0.38720703125 0.4049479166666667 0.0498046875 0.028645833333333332
6 0.4990234375 0.4095052083333333 0.0498046875 0.029947916666666668
6 0.607421875 0.4192708333333333 0.0517578125 0.032552083333333336
6 0.30419921875 0.4264322916666667 0.05078125 0.033854166666666664
6 0.7333984375 0.4270833333333333 0.0537109375 0.03515625
6 0.4140625 0.4342447916666667 0.0517578125 0.032552083333333336
6 0.3310546875 0.4641927083333333 0.0537109375 0.03515625
6 0.58203125 0.4837239583333333 0.0537109375 0.036458333333333336
0 0.71484375 0.49609375 0.0595703125 0.041666666666666664
0 0.5029296875 0.5169270833333334 0.0595703125 0.041666666666666664
0 0.63623046875 0.521484375 0.0576171875 0.041666666666666664
0 0.2802734375 0.5384114583333334 0.0546875 0.040364583333333336
0 0.416015625 0.544921875 0.0576171875 0.04296875
0 0.18505859375 0.5696614583333334 0.0595703125 0.04296875
2 0.18115234375 0.5748697916666666 0.1123046875 0.06380208333333333
0 0.32177734375 0.5807291666666666 0.0615234375 0.044270833333333336
0 0.69873046875 0.5807291666666666 0.0625 0.045572916666666664
0 0.603515625 0.6217447916666666 0.0625 0.048177083333333336
3 0.67529296875 0.625 0.103515625 0.07552083333333333