6 0.61083984375 0.3190104166666667 0.04443359375 0.0234375
5 0.607421875 0.3255208333333333 0.08447265625 0.033854166666666664
6 0.484375 0.3352864583333333 0.046875 0.022135416666666668
6 0.56884765625 0.3502604166666667 0.046875 0.026041666666666668
4 0.16943359375 0.36328125 0.08837890625 0.041015625
6 0.65771484375 0.3704427083333333 0.04931640625 0.028645833333333332
6 0.525390625 0.3828125 0.05078125 0.02734375
6 0.61669921875 0.4069010416666667 0.05078125 0.029947916666666668
6 0.712890625 0.4322916666666667 0.05615234375 0.03125
6 0.56591796875 0.4453125 0.05615234375 0.033203125
6 0.66015625 0.4680989583333333 0.05712890625 0.036458333333333336
6 0.77099609375 0.5013020833333334 0.0625 0.036458333333333336
6 0.625 0.51953125 0.0625 0.0390625
3 0.8076171875 0.5475260416666666 0.12646484375 0.064453125
6 0.73486328125 0.5592447916666666 0.06640625 0.041666666666666664
2 0.21044921875 0.6354166666666666 0.12353515625 0.08203125