6 0.68310546875 0.4270833333333333 0.04541015625 0.0234375
6 0.439453125 0.4283854166666667 0.04541015625 0.0234375
6 0.56201171875 0.4296875 0.04541015625 0.025390625
5 0.68115234375 0.4322916666666667 0.07568359375 0.028645833333333332
6 0.32421875 0.4322916666666667 0.04443359375 0.0234375
4 0.2578125 0.435546875 0.078125 0.02734375
6 0.505859375 0.4544270833333333 0.04833984375 0.026041666666666668
6 0.63134765625 0.4544270833333333 0.046875 0.026041666666666668
6 0.37744140625 0.455078125 0.046875 0.025390625
6 0.248046875 0.4563802083333333 0.05078125 0.024739583333333332
6 0.70654296875 0.48046875 0.05078125 0.02734375
6 0.43994140625 0.4817708333333333 0.04931640625 0.026041666666666668
6 0.572265625 0.4817708333333333 0.05078125 0.028645833333333332
6 0.310546875 0.4830729166666667 0.05078125 0.02734375
0 0.67333984375 0.5807291666666666 0.0546875 0.03515625
0 0.51904296875 0.5833333333333334 0.05859375 0.03515625
0 0.36083984375 0.583984375 0.06005859375 0.037109375
0 0.19775390625 0.5859375 0.06396484375 0.037109375
0 0.77734375 0.6223958333333334 0.0625 0.0390625
0 0.6044921875 0.6223958333333334 0.06103515625 0.040364583333333336
0 0.435546875 0.6282552083333334 0.06396484375 0.041666666666666664
0 0.27099609375 0.630859375 0.06787109375 0.041015625
0 0.705078125 0.6731770833333334 0.06640625 0.044921875
0 0.52880859375 0.6751302083333334 0.0703125 0.048177083333333336
3 0.79150390625 0.67578125 0.12255859375 0.05859375
0 0.345703125 0.6783854166666666 0.06640625 0.044270833333333336
0 0.16064453125 0.6822916666666666 0.07666015625 0.049479166666666664
2 0.158203125 0.685546875 0.12353515625 0.060546875